 0.00000000e+00  1.55170236e+05  0.00000000e+00  1.15519196e+05  0.00000000e+00  1.13452317e+05 
 3.30000000e-03  1.57014204e+05  3.30000000e-03  1.17489058e+05  3.30000000e-03  1.15343012e+05 
 6.60000000e-03  1.58903163e+05  6.60000000e-03  1.19526273e+05  6.60000000e-03  1.17298286e+05 
 9.90000000e-03  1.60839413e+05  9.90000000e-03  1.21633211e+05  9.90000000e-03  1.19321743e+05 
 1.32000000e-02  1.62824700e+05  1.32000000e-02  1.23813264e+05  1.32000000e-02  1.21416490e+05 
 1.65000000e-02  1.64860856e+05  1.65000000e-02  1.26070031e+05  1.65000000e-02  1.23585841e+05 
 1.98000000e-02  1.66949801e+05  1.98000000e-02  1.28407329e+05  1.98000000e-02  1.25833310e+05 
 2.31000000e-02  1.69093548e+05  2.31000000e-02  1.30829215e+05  2.31000000e-02  1.28162626e+05 
 2.64000000e-02  1.71294210e+05  2.64000000e-02  1.33339999e+05  2.64000000e-02  1.30577744e+05 
 2.97000000e-02  1.73554003e+05  2.97000000e-02  1.35944263e+05  2.97000000e-02  1.33082859e+05 
 3.30000000e-02  1.75875257e+05  3.30000000e-02  1.38646880e+05  3.30000000e-02  1.35682434e+05 
 3.63000000e-02  1.78260418e+05  3.63000000e-02  1.41453041e+05  3.63000000e-02  1.38381205e+05 
 3.96000000e-02  1.80712058e+05  3.96000000e-02  1.44368270e+05  3.96000000e-02  1.41184203e+05 
 4.29000000e-02  1.83232881e+05  4.29000000e-02  1.47398455e+05  4.29000000e-02  1.44096780e+05 
 4.62000000e-02  1.85825732e+05  4.62000000e-02  1.50549876e+05  4.62000000e-02  1.47124632e+05 
 4.95000000e-02  1.88493606e+05  4.95000000e-02  1.53829228e+05  4.95000000e-02  1.50273812e+05 
 5.28000000e-02  1.91239656e+05  5.28000000e-02  1.57243662e+05  5.28000000e-02  1.53550773e+05 
 5.61000000e-02  1.94067205e+05  5.61000000e-02  1.60800813e+05  5.61000000e-02  1.56962379e+05 
 5.94000000e-02  1.96979756e+05  5.94000000e-02  1.64508840e+05  5.94000000e-02  1.60515949e+05 
 6.27000000e-02  1.99981002e+05  6.27000000e-02  1.68376467e+05  6.27000000e-02  1.64219282e+05 
 6.60000000e-02  2.03074840e+05  6.60000000e-02  1.72413029e+05  6.60000000e-02  1.68080690e+05 
 6.93000000e-02  2.06265384e+05  6.93000000e-02  1.76628515e+05  6.93000000e-02  1.72109049e+05 
 7.26000000e-02  2.09556979e+05  7.26000000e-02  1.81033625e+05  7.26000000e-02  1.76313825e+05 
 7.59000000e-02  2.12954216e+05  7.59000000e-02  1.85639827e+05  7.59000000e-02  1.80705127e+05 
 7.92000000e-02  2.16461949e+05  7.92000000e-02  1.90459415e+05  7.92000000e-02  1.85293752e+05 
 8.25000000e-02  2.20085311e+05  8.25000000e-02  1.95505577e+05  8.25000000e-02  1.90091232e+05 
 8.58000000e-02  2.23829737e+05  8.58000000e-02  2.00792470e+05  8.58000000e-02  1.95109907e+05 
 8.91000000e-02  2.27700979e+05  8.91000000e-02  2.06335295e+05  8.91000000e-02  2.00362962e+05 
 9.24000000e-02  2.31705131e+05  9.24000000e-02  2.12150387e+05  9.24000000e-02  2.05864509e+05 
 9.57000000e-02  2.35848652e+05  9.57000000e-02  2.18255306e+05  9.57000000e-02  2.11629659e+05 
 9.90000000e-02  2.40138391e+05  9.90000000e-02  2.24668937e+05  9.90000000e-02  2.17674588e+05 
 1.02300000e-01  2.44581616e+05  1.02300000e-01  2.31411601e+05  1.02300000e-01  2.24016626e+05 
 1.05600000e-01  2.49186040e+05  1.05600000e-01  2.38505178e+05  1.05600000e-01  2.30674350e+05 
 1.08900000e-01  2.53959856e+05  1.08900000e-01  2.45973229e+05  1.08900000e-01  2.37667680e+05 
 1.12200000e-01  2.58911769e+05  1.12200000e-01  2.53841148e+05  1.12200000e-01  2.45017981e+05 
 1.15500000e-01  2.64051035e+05  1.15500000e-01  2.62136305e+05  1.15500000e-01  2.52748204e+05 
 1.18800000e-01  2.69387497e+05  1.18800000e-01  2.70888219e+05  1.18800000e-01  2.60882971e+05 
 1.22100000e-01  2.74931633e+05  1.22100000e-01  2.80128739e+05  1.22100000e-01  2.69448753e+05 
 1.25400000e-01  2.80694599e+05  1.25400000e-01  2.89892237e+05  1.25400000e-01  2.78473994e+05 
 1.28700000e-01  2.86688277e+05  1.28700000e-01  3.00215828e+05  1.28700000e-01  2.87989275e+05 
 1.32000000e-01  2.92925334e+05  1.32000000e-01  3.11139596e+05  1.32000000e-01  2.98027522e+05 
 1.35300000e-01  2.99419278e+05  1.35300000e-01  3.22706851e+05  1.35300000e-01  3.08624171e+05 
 1.38600000e-01  3.06184520e+05  1.38600000e-01  3.34964406e+05  1.38600000e-01  3.19817356e+05 
 1.41900000e-01  3.13236441e+05  1.41900000e-01  3.47962867e+05  1.41900000e-01  3.31648189e+05 
 1.45200000e-01  3.20591472e+05  1.45200000e-01  3.61756970e+05  1.45200000e-01  3.44160989e+05 
 1.48500000e-01  3.28267166e+05  1.48500000e-01  3.76405926e+05  1.48500000e-01  3.57403524e+05 
 1.51800000e-01  3.36282288e+05  1.51800000e-01  3.91973812e+05  1.51800000e-01  3.71427322e+05 
 1.55100000e-01  3.44656910e+05  1.55100000e-01  4.08529990e+05  1.55100000e-01  3.86287969e+05 
 1.58400000e-01  3.53412509e+05  1.58400000e-01  4.26149569e+05  1.58400000e-01  4.02045443e+05 
 1.61700000e-01  3.62572078e+05  1.61700000e-01  4.44913907e+05  1.61700000e-01  4.18764480e+05 
 1.65000000e-01  3.72160247e+05  1.65000000e-01  4.64911163e+05  1.65000000e-01  4.36514909e+05 
 1.68300000e-01  3.82203407e+05  1.68300000e-01  4.86236906e+05  1.68300000e-01  4.55372056e+05 
 1.71600000e-01  3.92729857e+05  1.71600000e-01  5.08994778e+05  1.71600000e-01  4.75417201e+05 
 1.74900000e-01  4.03769948e+05  1.74900000e-01  5.33297230e+05  1.74900000e-01  4.96737850e+05 
 1.78200000e-01  4.15356257e+05  1.78200000e-01  5.59266339e+05  1.78200000e-01  5.19428288e+05 
 1.81500000e-01  4.27523759e+05  1.81500000e-01  5.87034702e+05  1.81500000e-01  5.43590005e+05 
 1.84800000e-01  4.40310029e+05  1.84800000e-01  6.16746438e+05  1.84800000e-01  5.69331892e+05 
 1.88100000e-01  4.53755449e+05  1.88100000e-01  6.48558295e+05  1.88100000e-01  5.96770802e+05 
 1.91400000e-01  4.67903445e+05  1.91400000e-01  6.82640888e+05  1.91400000e-01  6.26031840e+05 
 1.94700000e-01  4.82800738e+05  1.94700000e-01  7.19180063e+05  1.94700000e-01  6.57248541e+05 
 1.98000000e-01  4.98497618e+05  1.98000000e-01  7.58378431e+05  1.98000000e-01  6.90563107e+05 
 2.01300000e-01  5.15048249e+05  2.01300000e-01  8.00457060e+05  2.01300000e-01  7.26126464e+05 
 2.04600000e-01  5.32510995e+05  2.04600000e-01  8.45657351e+05  2.04600000e-01  7.64098301e+05 
 2.07900000e-01  5.50948782e+05  2.07900000e-01  8.94243113e+05  2.07900000e-01  8.04646662e+05 
 2.11200000e-01  5.70429488e+05  2.11200000e-01  9.46502839e+05  2.11200000e-01  8.47947828e+05 
 2.14500000e-01  5.91026374e+05  2.14500000e-01  1.00275218e+06  2.14500000e-01  8.94185481e+05 
 2.17800000e-01  6.12818554e+05  2.17800000e-01  1.06333662e+06  2.17800000e-01  9.43550072e+05 
 2.21100000e-01  6.35891504e+05  2.21100000e-01  1.12863433e+06  2.21100000e-01  9.96238004e+05 
 2.24400000e-01  6.60337627e+05  2.24400000e-01  1.19905914e+06  2.24400000e-01  1.05244992e+06 
 2.27700000e-01  6.86256854e+05  2.27700000e-01  1.27506359e+06  2.27700000e-01  1.11238967e+06 
 2.31000000e-01  7.13757310e+05  2.31000000e-01  1.35714195e+06  2.31000000e-01  1.17626264e+06 
 2.34300000e-01  7.42956029e+05  2.34300000e-01  1.44583312e+06  2.34300000e-01  1.24427342e+06 
 2.37600000e-01  7.73979730e+05  2.37600000e-01  1.54172314e+06  2.37600000e-01  1.31662472e+06 
 2.40900000e-01  8.06965645e+05  2.40900000e-01  1.64544720e+06  2.40900000e-01  1.39351510e+06 
 2.44200000e-01  8.42062408e+05  2.44200000e-01  1.75769086e+06  2.44200000e-01  1.47513601e+06 
 2.47500000e-01  8.79430994e+05  2.47500000e-01  1.87919000e+06  2.47500000e-01  1.56167158e+06 
 2.50800000e-01  9.19245702e+05  2.50800000e-01  2.01072945e+06  2.50800000e-01  1.65329575e+06 
 2.54100000e-01  9.61695178e+05  2.54100000e-01  2.15313954e+06  2.54100000e-01  1.75017080e+06 
 2.57400000e-01  1.00698345e+06  2.57400000e-01  2.30729045e+06  2.57400000e-01  1.85244708e+06 
 2.60700000e-01  1.05533096e+06  2.60700000e-01  2.47408378e+06  2.60700000e-01  1.96026128e+06 
 2.64000000e-01  1.10697558e+06  2.64000000e-01  2.65444118e+06  2.64000000e-01  2.07373705e+06 
 2.67300000e-01  1.16217350e+06  2.67300000e-01  2.84928963e+06  2.67300000e-01  2.19298531e+06 
 2.70600000e-01  1.22120011e+06  2.70600000e-01  3.05954358e+06  2.70600000e-01  2.31810313e+06 
 2.73900000e-01  1.28435052e+06  2.73900000e-01  3.28608383e+06  2.73900000e-01  2.44917759e+06 
 2.77200000e-01  1.35194006e+06  2.77200000e-01  3.52973381e+06  2.77200000e-01  2.58628768e+06 
 2.80500000e-01  1.42430422e+06  2.80500000e-01  3.79123383e+06  2.80500000e-01  2.72950522e+06 
 2.83800000e-01  1.50179831e+06  2.83800000e-01  4.07121437e+06  2.83800000e-01  2.87889911e+06 
 2.87100000e-01  1.58479656e+06  2.87100000e-01  4.37016949e+06  2.87100000e-01  3.03453577e+06 
 2.90400000e-01  1.67369054e+06  2.90400000e-01  4.68843193e+06  2.90400000e-01  3.19648679e+06 
 2.93700000e-01  1.76888688e+06  2.93700000e-01  5.02615127e+06  2.93700000e-01  3.36483213e+06 
 2.97000000e-01  1.87080411e+06  2.97000000e-01  5.38327652e+06  2.97000000e-01  3.53966090e+06 
 3.00300000e-01  1.97986863e+06  3.00300000e-01  5.75954458e+06  3.00300000e-01  3.72108010e+06 
 3.03600000e-01  2.09650961e+06  3.03600000e-01  6.15447526e+06  3.03600000e-01  3.90921779e+06 
 3.06900000e-01  2.22115293e+06  3.06900000e-01  6.56737363e+06  3.06900000e-01  4.10422731e+06 
 3.10200000e-01  2.35421410e+06  3.10200000e-01  6.99733962e+06  3.10200000e-01  4.30629048e+06 
 3.13500000e-01  2.49609027e+06  3.13500000e-01  7.44328469e+06  3.13500000e-01  4.51562338e+06 
 3.16800000e-01  2.64715149e+06  3.16800000e-01  7.90395444e+06  3.16800000e-01  4.73248437e+06 
 3.20100000e-01  2.80773140e+06  3.20100000e-01  8.37795635e+06  3.20100000e-01  4.95717633e+06 
 3.23400000e-01  2.97811762e+06  3.23400000e-01  8.86379089e+06  3.23400000e-01  5.19005345e+06 
 3.26700000e-01  3.15854226e+06  3.26700000e-01  9.35988466e+06  3.26700000e-01  5.43152462e+06 
 3.30000000e-01  3.34917290e+06  3.30000000e-01  9.86462380e+06  3.30000000e-01  5.68206523e+06 
 3.33300000e-01  3.55010430e+06  3.33300000e-01  1.03763865e+07  3.33300000e-01  5.94221332e+06 
 3.36600000e-01  3.76135161e+06  3.36600000e-01  1.08935730e+07  3.36600000e-01  6.21258672e+06 
 3.39900000e-01  3.98284502e+06  3.39900000e-01  1.14146324e+07  3.39900000e-01  6.49388075e+06 
 3.43200000e-01  4.21442655e+06  3.43200000e-01  1.19380857e+07  3.43200000e-01  6.78688891e+06 
 3.46500000e-01  4.45584898e+06  3.46500000e-01  1.24625442e+07  3.46500000e-01  7.09251098e+06 
 3.49800000e-01  4.70677717e+06  3.49800000e-01  1.29867234e+07  3.49800000e-01  7.41173551e+06 
 3.53100000e-01  4.96679175e+06  3.53100000e-01  1.35094531e+07  3.53100000e-01  7.74570466e+06 
 3.56400000e-01  5.23539501e+06  3.56400000e-01  1.40296828e+07  3.56400000e-01  8.09566750e+06 
 3.59700000e-01  5.51201891e+06  3.59700000e-01  1.45464841e+07  3.59700000e-01  8.46302147e+06 
 3.63000000e-01  5.79603476e+06  3.63000000e-01  1.50590497e+07  3.63000000e-01  8.84934960e+06 
 3.66300000e-01  6.08676417e+06  3.66300000e-01  1.55666895e+07  3.66300000e-01  9.25639086e+06 
 3.69600000e-01  6.38349096e+06  3.69600000e-01  1.60688260e+07  3.69600000e-01  9.68610722e+06 
 3.72900000e-01  6.68547339e+06  3.72900000e-01  1.65649865e+07  3.72900000e-01  1.01406539e+07 
 3.76200000e-01  6.99195641e+06  3.76200000e-01  1.70547958e+07  3.76200000e-01  1.06224158e+07 
 3.79500000e-01  7.30218340e+06  3.79500000e-01  1.75379674e+07  3.79500000e-01  1.11340503e+07 
 3.82800000e-01  7.61540718e+06  3.82800000e-01  1.80142946e+07  3.82800000e-01  1.16785037e+07 
 3.86100000e-01  7.93089984e+06  3.86100000e-01  1.84836421e+07  3.86100000e-01  1.22590240e+07 
 3.89400000e-01  8.24796135e+06  3.89400000e-01  1.89459369e+07  3.89400000e-01  1.28791721e+07 
 3.92700000e-01  8.56592676e+06  3.92700000e-01  1.94011608e+07  3.92700000e-01  1.35428820e+07 
 3.96000000e-01  8.88417187e+06  3.96000000e-01  1.98493423e+07  3.96000000e-01  1.42544335e+07 
 3.99300000e-01  9.20211753e+06  3.99300000e-01  2.02905495e+07  3.99300000e-01  1.50185131e+07 
 4.02600000e-01  9.51923252e+06  4.02600000e-01  2.07248841e+07  4.02600000e-01  1.58401940e+07 
 4.05900000e-01  9.83503517e+06  4.05900000e-01  2.11524751e+07  4.05900000e-01  1.67249687e+07 
 4.09200000e-01  1.01490938e+07  4.09200000e-01  2.15734739e+07  4.09200000e-01  1.76787368e+07 
 4.12500000e-01  1.04610265e+07  4.12500000e-01  2.19880495e+07  4.12500000e-01  1.87077621e+07 
 4.15800000e-01  1.07704993e+07  4.15800000e-01  2.23963845e+07  4.15800000e-01  1.98186615e+07 
 4.19100000e-01  1.10772247e+07  4.19100000e-01  2.27986718e+07  4.19100000e-01  2.10183431e+07 
 4.22400000e-01  1.13809591e+07  4.22400000e-01  2.31951112e+07  4.22400000e-01  2.23139652e+07 
 4.25700000e-01  1.16814999e+07  4.25700000e-01  2.35859072e+07  4.25700000e-01  2.37128148e+07 
 4.29000000e-01  1.19786826e+07  4.29000000e-01  2.39712665e+07  4.29000000e-01  2.52221837e+07 
 4.32300000e-01  1.22723773e+07  4.32300000e-01  2.43513962e+07  4.32300000e-01  2.68492483e+07 
 4.35600000e-01  1.25624861e+07  4.35600000e-01  2.47265025e+07  4.35600000e-01  2.86008927e+07 
 4.38900000e-01  1.28489391e+07  4.38900000e-01  2.50967893e+07  4.38900000e-01  3.04835164e+07 
 4.42200000e-01  1.31316923e+07  4.42200000e-01  2.54624568e+07  4.42200000e-01  3.25028626e+07 
 4.45500000e-01  1.34107236e+07  4.45500000e-01  2.58237015e+07  4.45500000e-01  3.46638104e+07 
 4.48800000e-01  1.36860309e+07  4.48800000e-01  2.61807148e+07  4.48800000e-01  3.69701689e+07 
 4.52100000e-01  1.39576289e+07  4.52100000e-01  2.65336829e+07  4.52100000e-01  3.94245071e+07 
 4.55400000e-01  1.42255473e+07  4.55400000e-01  2.68827864e+07  4.55400000e-01  4.20279726e+07 
 4.58700000e-01  1.44898278e+07  4.58700000e-01  2.72281999e+07  4.58700000e-01  4.47802390e+07 
 4.62000000e-01  1.47505228e+07  4.62000000e-01  2.75700921e+07  4.62000000e-01  4.76793295e+07 
 4.65300000e-01  1.50076936e+07  4.65300000e-01  2.79086253e+07  4.65300000e-01  5.07215841e+07 
 4.68600000e-01  1.52614083e+07  4.68600000e-01  2.82439560e+07  4.68600000e-01  5.39019083e+07 
 4.71900000e-01  1.55117406e+07  4.71900000e-01  2.85762342e+07  4.71900000e-01  5.72136044e+07 
 4.75200000e-01  1.57587689e+07  4.75200000e-01  2.89056043e+07  4.75200000e-01  6.06483827e+07 
 4.78500000e-01  1.60025748e+07  4.78500000e-01  2.92322043e+07  4.78500000e-01  6.41969026e+07 
 4.81800000e-01  1.62432421e+07  4.81800000e-01  2.95561667e+07  4.81800000e-01  6.78487770e+07 
 4.85100000e-01  1.64808564e+07  4.85100000e-01  2.98776183e+07  4.85100000e-01  7.15926502e+07 
 4.88400000e-01  1.67155039e+07  4.88400000e-01  3.01966803e+07  4.88400000e-01  7.54170723e+07 
 4.91700000e-01  1.69472711e+07  4.91700000e-01  3.05134689e+07  4.91700000e-01  7.93098985e+07 
 4.95000000e-01  1.71762443e+07  4.95000000e-01  3.08280948e+07  4.95000000e-01  8.32580564e+07 
 4.98300000e-01  1.74025089e+07  4.98300000e-01  3.11406641e+07  4.98300000e-01  8.72503399e+07 
 5.01600000e-01  1.76261494e+07  5.01600000e-01  3.14512780e+07  5.01600000e-01  9.12750430e+07 
 5.04900000e-01  1.78472487e+07  5.04900000e-01  3.17600333e+07  5.04900000e-01  9.53200912e+07 
 5.08200000e-01  1.80658884e+07  5.08200000e-01  3.20670224e+07  5.08200000e-01  9.93754131e+07 
 5.11500000e-01  1.82821479e+07  5.11500000e-01  3.23723336e+07  5.11500000e-01  1.03431217e+08 
 5.14800000e-01  1.84961051e+07  5.14800000e-01  3.26760511e+07  5.14800000e-01  1.07478335e+08 
 5.18100000e-01  1.87078354e+07  5.18100000e-01  3.29782555e+07  5.18100000e-01  1.11508223e+08 
 5.21400000e-01  1.89174124e+07  5.21400000e-01  3.32790237e+07  5.21400000e-01  1.15513624e+08 
 5.24700000e-01  1.91249073e+07  5.24700000e-01  3.35784293e+07  5.24700000e-01  1.19488299e+08 
 5.28000000e-01  1.93303893e+07  5.28000000e-01  3.38765424e+07  5.28000000e-01  1.23427180e+08 
 5.31300000e-01  1.95339251e+07  5.31300000e-01  3.41734303e+07  5.31300000e-01  1.27324395e+08 
 5.34600000e-01  1.97355793e+07  5.34600000e-01  3.44691570e+07  5.34600000e-01  1.31176731e+08 
 5.37900000e-01  1.99354144e+07  5.37900000e-01  3.47637839e+07  5.37900000e-01  1.34981674e+08 
 5.41200000e-01  2.01334906e+07  5.41200000e-01  3.50573697e+07  5.41200000e-01  1.38735387e+08 
 5.44500000e-01  2.03298660e+07  5.44500000e-01  3.53499705e+07  5.44500000e-01  1.42436464e+08 
 5.47800000e-01  2.05245965e+07  5.47800000e-01  3.56416401e+07  5.47800000e-01  1.46082761e+08 
 5.51100000e-01  2.07177361e+07  5.51100000e-01  3.59324298e+07  5.51100000e-01  1.49674975e+08 
 5.54400000e-01  2.09093367e+07  5.54400000e-01  3.62223889e+07  5.54400000e-01  1.53212986e+08 
 5.57700000e-01  2.10994484e+07  5.57700000e-01  3.65115644e+07  5.57700000e-01  1.56693972e+08 
 5.61000000e-01  2.12881194e+07  5.61000000e-01  3.68000017e+07  5.61000000e-01  1.60120327e+08 
 5.64300000e-01  2.14753959e+07  5.64300000e-01  3.70877440e+07  5.64300000e-01  1.63493465e+08 
 5.67600000e-01  2.16613225e+07  5.67600000e-01  3.73748327e+07  5.67600000e-01  1.66811769e+08 
 5.70900000e-01  2.18459421e+07  5.70900000e-01  3.76613078e+07  5.70900000e-01  1.70077612e+08 
 5.74200000e-01  2.20292961e+07  5.74200000e-01  3.79472074e+07  5.74200000e-01  1.73291240e+08 
 5.77500000e-01  2.22114241e+07  5.77500000e-01  3.82325683e+07  5.77500000e-01  1.76455627e+08 
 5.80800000e-01  2.23923643e+07  5.80800000e-01  3.85174255e+07  5.80800000e-01  1.79571908e+08 
 5.84100000e-01  2.25721535e+07  5.84100000e-01  3.88018130e+07  5.84100000e-01  1.82638821e+08 
 5.87400000e-01  2.27508271e+07  5.87400000e-01  3.90857633e+07  5.87400000e-01  1.85659731e+08 
 5.90700000e-01  2.29284191e+07  5.90700000e-01  3.93693077e+07  5.90700000e-01  1.88635023e+08 
 5.94000000e-01  2.31049623e+07  5.94000000e-01  3.96524761e+07  5.94000000e-01  1.91569744e+08 
 5.97300000e-01  2.32804883e+07  5.97300000e-01  3.99352975e+07  5.97300000e-01  1.94461158e+08 
 6.00600000e-01  2.34550274e+07  6.00600000e-01  4.02177998e+07  6.00600000e-01  1.97312529e+08 
 6.03900000e-01  2.36286089e+07  6.03900000e-01  4.05000098e+07  6.03900000e-01  2.00126427e+08 
 6.07200000e-01  2.38012611e+07  6.07200000e-01  4.07819533e+07  6.07200000e-01  2.02902069e+08 
 6.10500000e-01  2.39730110e+07  6.10500000e-01  4.10636551e+07  6.10500000e-01  2.05643728e+08 
 6.13800000e-01  2.41438849e+07  6.13800000e-01  4.13451394e+07  6.13800000e-01  2.08347923e+08 
 6.17100000e-01  2.43139081e+07  6.17100000e-01  4.16264291e+07  6.17100000e-01  2.11021501e+08 
 6.20400000e-01  2.44831048e+07  6.20400000e-01  4.19075468e+07  6.20400000e-01  2.13663170e+08 
 6.23700000e-01  2.46514986e+07  6.23700000e-01  4.21885138e+07  6.23700000e-01  2.16274572e+08 
 6.27000000e-01  2.48191121e+07  6.27000000e-01  4.24693510e+07  6.27000000e-01  2.18856831e+08 
 6.30300000e-01  2.49859673e+07  6.30300000e-01  4.27500786e+07  6.30300000e-01  2.21410705e+08 
 6.33600000e-01  2.51520852e+07  6.33600000e-01  4.30307159e+07  6.33600000e-01  2.23939843e+08 
 6.36900000e-01  2.53174863e+07  6.36900000e-01  4.33112818e+07  6.36900000e-01  2.26442402e+08 
 6.40200000e-01  2.54821903e+07  6.40200000e-01  4.35917944e+07  6.40200000e-01  2.28920307e+08 
 6.43500000e-01  2.56462162e+07  6.43500000e-01  4.38722712e+07  6.43500000e-01  2.31371505e+08 
 6.46800000e-01  2.58095825e+07  6.46800000e-01  4.41527293e+07  6.46800000e-01  2.33803320e+08 
 6.50100000e-01  2.59723069e+07  6.50100000e-01  4.44331853e+07  6.50100000e-01  2.36216811e+08 
 6.53400000e-01  2.61344069e+07  6.53400000e-01  4.47136549e+07  6.53400000e-01  2.38605775e+08 
 6.56700000e-01  2.62958989e+07  6.56700000e-01  4.49941537e+07  6.56700000e-01  2.40974307e+08 
 6.60000000e-01  2.64567993e+07  6.60000000e-01  4.52746967e+07  6.60000000e-01  2.43326942e+08 
 6.63300000e-01  2.66171236e+07  6.63300000e-01  4.55552983e+07  6.63300000e-01  2.45658036e+08 
 6.66600000e-01  2.67768870e+07  6.66600000e-01  4.58359728e+07  6.66600000e-01  2.47970342e+08 
 6.69900000e-01  2.69361042e+07  6.69900000e-01  4.61167337e+07  6.69900000e-01  2.50274360e+08 
 6.73200000e-01  2.70947895e+07  6.73200000e-01  4.63975944e+07  6.73200000e-01  2.52557475e+08 
 6.76500000e-01  2.72529566e+07  6.76500000e-01  4.66785677e+07  6.76500000e-01  2.54823170e+08 
 6.79800000e-01  2.74106191e+07  6.79800000e-01  4.69596661e+07  6.79800000e-01  2.57075959e+08 
 6.83100000e-01  2.75677898e+07  6.83100000e-01  4.72409019e+07  6.83100000e-01  2.59311848e+08 
 6.86400000e-01  2.77244815e+07  6.86400000e-01  4.75222869e+07  6.86400000e-01  2.61540535e+08 
 6.89700000e-01  2.78807064e+07  6.89700000e-01  4.78038325e+07  6.89700000e-01  2.63754951e+08 
 6.93000000e-01  2.80364765e+07  6.93000000e-01  4.80855500e+07  6.93000000e-01  2.65953900e+08 
 6.96300000e-01  2.81918033e+07  6.96300000e-01  4.83674503e+07  6.96300000e-01  2.68139803e+08 
 6.99600000e-01  2.83466981e+07  6.99600000e-01  4.86495438e+07  6.99600000e-01  2.70316352e+08 
 7.02900000e-01  2.85011718e+07  7.02900000e-01  4.89318411e+07  7.02900000e-01  2.72484435e+08 
 7.06200000e-01  2.86552351e+07  7.06200000e-01  4.92143520e+07  7.06200000e-01  2.74644601e+08 
 7.09500000e-01  2.88088984e+07  7.09500000e-01  4.94970864e+07  7.09500000e-01  2.76786150e+08 
 7.12800000e-01  2.89621718e+07  7.12800000e-01  4.97800538e+07  7.12800000e-01  2.78916346e+08 
 7.16100000e-01  2.91150651e+07  7.16100000e-01  5.00632636e+07  7.16100000e-01  2.81051510e+08 
 7.19400000e-01  2.92675878e+07  7.19400000e-01  5.03467248e+07  7.19400000e-01  2.83172407e+08 
 7.22700000e-01  2.94197494e+07  7.22700000e-01  5.06304462e+07  7.22700000e-01  2.85276429e+08 
 7.26000000e-01  2.95715589e+07  7.26000000e-01  5.09144365e+07  7.26000000e-01  2.87377311e+08 
 7.29300000e-01  2.97230252e+07  7.29300000e-01  5.11987040e+07  7.29300000e-01  2.89475711e+08 
 7.32600000e-01  2.98741569e+07  7.32600000e-01  5.14832571e+07  7.32600000e-01  2.91559130e+08 
 7.35900000e-01  3.00249625e+07  7.35900000e-01  5.17681037e+07  7.35900000e-01  2.93636808e+08 
 7.39200000e-01  3.01754502e+07  7.39200000e-01  5.20532516e+07  7.39200000e-01  2.95709655e+08 
 7.42500000e-01  3.03256281e+07  7.42500000e-01  5.23387086e+07  7.42500000e-01  2.97778880e+08 
 7.45800000e-01  3.04755039e+07  7.45800000e-01  5.26244821e+07  7.45800000e-01  2.99839739e+08 
 7.49100000e-01  3.06250854e+07  7.49100000e-01  5.29105794e+07  7.49100000e-01  3.01886570e+08 
 7.52400000e-01  3.07743800e+07  7.52400000e-01  5.31970077e+07  7.52400000e-01  3.03934043e+08 
 7.55700000e-01  3.09233951e+07  7.55700000e-01  5.34837740e+07  7.55700000e-01  3.05981674e+08 
 7.59000000e-01  3.10721379e+07  7.59000000e-01  5.37708851e+07  7.59000000e-01  3.08019891e+08 
 7.62300000e-01  3.12206152e+07  7.62300000e-01  5.40583477e+07  7.62300000e-01  3.10052753e+08 
 7.65600000e-01  3.13688340e+07  7.65600000e-01  5.43461683e+07  7.65600000e-01  3.12073496e+08 
 7.68900000e-01  3.15168010e+07  7.68900000e-01  5.46343534e+07  7.68900000e-01  3.14094361e+08 
 7.72200000e-01  3.16645226e+07  7.72200000e-01  5.49229092e+07  7.72200000e-01  3.16123415e+08 
 7.75500000e-01  3.18120054e+07  7.75500000e-01  5.52118419e+07  7.75500000e-01  3.18134870e+08 
 7.78800000e-01  3.19592555e+07  7.78800000e-01  5.55011576e+07  7.78800000e-01  3.20141380e+08 
 7.82100000e-01  3.21062792e+07  7.82100000e-01  5.57908620e+07  7.82100000e-01  3.22147915e+08 
 7.85400000e-01  3.22530824e+07  7.85400000e-01  5.60809611e+07  7.85400000e-01  3.24146177e+08 
 7.88700000e-01  3.23996711e+07  7.88700000e-01  5.63714603e+07  7.88700000e-01  3.26150133e+08 
 7.92000000e-01  3.25460510e+07  7.92000000e-01  5.66623654e+07  7.92000000e-01  3.28146523e+08 
 7.95300000e-01  3.26922277e+07  7.95300000e-01  5.69536818e+07  7.95300000e-01  3.30134721e+08 
 7.98600000e-01  3.28382069e+07  7.98600000e-01  5.72454147e+07  7.98600000e-01  3.32129369e+08 
 8.01900000e-01  3.29839940e+07  8.01900000e-01  5.75375694e+07  8.01900000e-01  3.34114588e+08 
 8.05200000e-01  3.31295943e+07  8.05200000e-01  5.78301511e+07  8.05200000e-01  3.36090556e+08 
 8.08500000e-01  3.32750131e+07  8.08500000e-01  5.81231648e+07  8.08500000e-01  3.38070232e+08 
 8.11800000e-01  3.34202554e+07  8.11800000e-01  5.84166155e+07  8.11800000e-01  3.40053708e+08 
 8.15100000e-01  3.35653264e+07  8.15100000e-01  5.87105080e+07  8.15100000e-01  3.42034082e+08 
 8.18400000e-01  3.37102310e+07  8.18400000e-01  5.90048470e+07  8.18400000e-01  3.44002821e+08 
 8.21700000e-01  3.38549741e+07  8.21700000e-01  5.92996373e+07  8.21700000e-01  3.45972482e+08 
 8.25000000e-01  3.39995603e+07  8.25000000e-01  5.95948834e+07  8.25000000e-01  3.47946218e+08 
 8.28300000e-01  3.41439945e+07  8.28300000e-01  5.98905899e+07  8.28300000e-01  3.49919880e+08 
 8.31600000e-01  3.42882812e+07  8.31600000e-01  6.01867612e+07  8.31600000e-01  3.51888517e+08 
 8.34900000e-01  3.44324249e+07  8.34900000e-01  6.04834017e+07  8.34900000e-01  3.53843626e+08 
 8.38200000e-01  3.45764302e+07  8.38200000e-01  6.07805156e+07  8.38200000e-01  3.55805190e+08 
 8.41500000e-01  3.47203013e+07  8.41500000e-01  6.10781072e+07  8.41500000e-01  3.57769626e+08 
 8.44800000e-01  3.48640425e+07  8.44800000e-01  6.13761805e+07  8.44800000e-01  3.59731366e+08 
 8.48100000e-01  3.50076581e+07  8.48100000e-01  6.16747397e+07  8.48100000e-01  3.61693923e+08 
 8.51400000e-01  3.51511523e+07  8.51400000e-01  6.19737887e+07  8.51400000e-01  3.63646732e+08 
 8.54700000e-01  3.52945290e+07  8.54700000e-01  6.22733316e+07  8.54700000e-01  3.65607077e+08 
 8.58000000e-01  3.54377924e+07  8.58000000e-01  6.25733720e+07  8.58000000e-01  3.67561741e+08 
 8.61300000e-01  3.55809464e+07  8.61300000e-01  6.28739139e+07  8.61300000e-01  3.69516579e+08 
 8.64600000e-01  3.57239949e+07  8.64600000e-01  6.31749611e+07  8.64600000e-01  3.71481001e+08 
 8.67900000e-01  3.58669416e+07  8.67900000e-01  6.34765171e+07  8.67900000e-01  3.73423534e+08 
 8.71200000e-01  3.60097905e+07  8.71200000e-01  6.37785855e+07  8.71200000e-01  3.75379306e+08 
 8.74500000e-01  3.61525451e+07  8.74500000e-01  6.40811701e+07  8.74500000e-01  3.77336869e+08 
 8.77800000e-01  3.62952091e+07  8.77800000e-01  6.43842742e+07  8.77800000e-01  3.79277841e+08 
 8.81100000e-01  3.64377862e+07  8.81100000e-01  6.46879013e+07  8.81100000e-01  3.81238062e+08 
 8.84400000e-01  3.65802799e+07  8.84400000e-01  6.49920549e+07  8.84400000e-01  3.83197330e+08 
 8.87700000e-01  3.67226936e+07  8.87700000e-01  6.52967382e+07  8.87700000e-01  3.85138362e+08 
 8.91000000e-01  3.68650308e+07  8.91000000e-01  6.56019546e+07  8.91000000e-01  3.87087377e+08 
 8.94300000e-01  3.70072949e+07  8.94300000e-01  6.59077073e+07  8.94300000e-01  3.89041702e+08 
 8.97600000e-01  3.71494892e+07  8.97600000e-01  6.62139995e+07  8.97600000e-01  3.90992621e+08 
 9.00900000e-01  3.72916171e+07  9.00900000e-01  6.65208344e+07  9.00900000e-01  3.92943175e+08 
 9.04200000e-01  3.74336817e+07  9.04200000e-01  6.68282150e+07  9.04200000e-01  3.94896695e+08 
 9.07500000e-01  3.75756862e+07  9.07500000e-01  6.71361445e+07  9.07500000e-01  3.96852719e+08 
 9.10800000e-01  3.77176338e+07  9.10800000e-01  6.74446257e+07  9.10800000e-01  3.98803089e+08 
 9.14100000e-01  3.78595276e+07  9.14100000e-01  6.77536617e+07  9.14100000e-01  4.00754333e+08 
 9.17400000e-01  3.80013707e+07  9.17400000e-01  6.80632555e+07  9.17400000e-01  4.02699565e+08 
 9.20700000e-01  3.81431661e+07  9.20700000e-01  6.83734098e+07  9.20700000e-01  4.04654615e+08 
 9.24000000e-01  3.82849167e+07  9.24000000e-01  6.86841276e+07  9.24000000e-01  4.06611007e+08 
 9.27300000e-01  3.84266255e+07  9.27300000e-01  6.89954116e+07  9.27300000e-01  4.08565935e+08 
 9.30600000e-01  3.85682954e+07  9.30600000e-01  6.93072645e+07  9.30600000e-01  4.10522396e+08 
 9.33900000e-01  3.87099293e+07  9.33900000e-01  6.96196892e+07  9.33900000e-01  4.12470628e+08 
 9.37200000e-01  3.88515299e+07  9.37200000e-01  6.99326882e+07  9.37200000e-01  4.14433373e+08 
 9.40500000e-01  3.89931001e+07  9.40500000e-01  7.02462643e+07  9.40500000e-01  4.16384448e+08 
 9.43800000e-01  3.91346426e+07  9.43800000e-01  7.05604200e+07  9.43800000e-01  4.18339579e+08 
 9.47100000e-01  3.92761601e+07  9.47100000e-01  7.08751579e+07  9.47100000e-01  4.20302287e+08 
 9.50400000e-01  3.94176554e+07  9.50400000e-01  7.11904805e+07  9.50400000e-01  4.22261192e+08 
 9.53700000e-01  3.95591309e+07  9.53700000e-01  7.15063904e+07  9.53700000e-01  4.24223356e+08 
 9.57000000e-01  3.97005895e+07  9.57000000e-01  7.18228899e+07  9.57000000e-01  4.26181736e+08 
 9.60300000e-01  3.98420335e+07  9.60300000e-01  7.21399816e+07  9.60300000e-01  4.28141434e+08 
 9.63600000e-01  3.99834656e+07  9.63600000e-01  7.24576678e+07  9.63600000e-01  4.30101668e+08 
 9.66900000e-01  4.01248883e+07  9.66900000e-01  7.27759509e+07  9.66900000e-01  4.32064864e+08 
 9.70200000e-01  4.02663041e+07  9.70200000e-01  7.30948332e+07  9.70200000e-01  4.34036369e+08 
 9.73500000e-01  4.04077154e+07  9.73500000e-01  7.34143171e+07  9.73500000e-01  4.36009699e+08 
 9.76800000e-01  4.05491246e+07  9.76800000e-01  7.37344048e+07  9.76800000e-01  4.37972570e+08 
 9.80100000e-01  4.06905342e+07  9.80100000e-01  7.40550984e+07  9.80100000e-01  4.39938229e+08 
 9.83400000e-01  4.08319465e+07  9.83400000e-01  7.43764004e+07  9.83400000e-01  4.41904623e+08 
 9.86700000e-01  4.09733638e+07  9.86700000e-01  7.46983128e+07  9.86700000e-01  4.43867056e+08 
 9.90000000e-01  4.11147884e+07  9.90000000e-01  7.50208378e+07  9.90000000e-01  4.45851114e+08 
 9.93300000e-01  4.12562227e+07  9.93300000e-01  7.53439775e+07  9.93300000e-01  4.47834640e+08 
 9.96600000e-01  4.13976688e+07  9.96600000e-01  7.56677340e+07  9.96600000e-01  4.49805953e+08 
 9.99900000e-01  4.15391291e+07  9.99900000e-01  7.59921094e+07  9.99900000e-01  4.51778050e+08 
 1.00320000e+00  4.16806057e+07  1.00320000e+00  7.63171057e+07  1.00320000e+00  4.53751560e+08 
 1.00650000e+00  4.18221007e+07  1.00650000e+00  7.66427250e+07  1.00650000e+00  4.55737093e+08 
 1.00980000e+00  4.19636164e+07  1.00980000e+00  7.69689692e+07  1.00980000e+00  4.57730944e+08 
 1.01310000e+00  4.21051549e+07  1.01310000e+00  7.72958403e+07  1.01310000e+00  4.59704016e+08 
 1.01640000e+00  4.22467182e+07  1.01640000e+00  7.76233403e+07  1.01640000e+00  4.61682071e+08 
 1.01970000e+00  4.23883085e+07  1.01970000e+00  7.79514710e+07  1.01970000e+00  4.63677877e+08 
 1.02300000e+00  4.25299278e+07  1.02300000e+00  7.82802344e+07  1.02300000e+00  4.65666015e+08 
 1.02630000e+00  4.26715781e+07  1.02630000e+00  7.86096323e+07  1.02630000e+00  4.67658859e+08 
 1.02960000e+00  4.28132615e+07  1.02960000e+00  7.89396665e+07  1.02960000e+00  4.69650811e+08 
 1.03290000e+00  4.29549799e+07  1.03290000e+00  7.92703390e+07  1.03290000e+00  4.71641134e+08 
 1.03620000e+00  4.30967354e+07  1.03620000e+00  7.96016514e+07  1.03620000e+00  4.73634424e+08 
 1.03950000e+00  4.32385298e+07  1.03950000e+00  7.99336056e+07  1.03950000e+00  4.75629266e+08 
 1.04280000e+00  4.33803652e+07  1.04280000e+00  8.02662033e+07  1.04280000e+00  4.77625658e+08 
 1.04610000e+00  4.35222433e+07  1.04610000e+00  8.05994462e+07  1.04610000e+00  4.79640228e+08 
 1.04940000e+00  4.36641661e+07  1.04940000e+00  8.09333361e+07  1.04940000e+00  4.81647538e+08 
 1.05270000e+00  4.38061354e+07  1.05270000e+00  8.12678746e+07  1.05270000e+00  4.83644296e+08 
 1.05600000e+00  4.39481532e+07  1.05600000e+00  8.16030634e+07  1.05600000e+00  4.85645502e+08 
 1.05930000e+00  4.40902212e+07  1.05930000e+00  8.19389042e+07  1.05930000e+00  4.87662375e+08 
 1.06260000e+00  4.42323412e+07  1.06260000e+00  8.22753985e+07  1.06260000e+00  4.89677111e+08 
 1.06590000e+00  4.43745150e+07  1.06590000e+00  8.26125481e+07  1.06590000e+00  4.91680627e+08 
 1.06920000e+00  4.45167445e+07  1.06920000e+00  8.29503543e+07  1.06920000e+00  4.93706052e+08 
 1.07250000e+00  4.46590313e+07  1.07250000e+00  8.32888189e+07  1.07250000e+00  4.95720124e+08 
 1.07580000e+00  4.48013771e+07  1.07580000e+00  8.36279434e+07  1.07580000e+00  4.97740343e+08 
 1.07910000e+00  4.49437838e+07  1.07910000e+00  8.39677293e+07  1.07910000e+00  4.99764287e+08 
 1.08240000e+00  4.50862530e+07  1.08240000e+00  8.43081780e+07  1.08240000e+00  5.01786722e+08 
 1.08570000e+00  4.52287864e+07  1.08570000e+00  8.46492912e+07  1.08570000e+00  5.03821447e+08 
 1.08900000e+00  4.53713856e+07  1.08900000e+00  8.49910703e+07  1.08900000e+00  5.05840643e+08 
 1.09230000e+00  4.55140524e+07  1.09230000e+00  8.53335166e+07  1.09230000e+00  5.07869716e+08 
 1.09560000e+00  4.56567883e+07  1.09560000e+00  8.56766317e+07  1.09560000e+00  5.09906645e+08 
 1.09890000e+00  4.57995949e+07  1.09890000e+00  8.60204170e+07  1.09890000e+00  5.11945754e+08 
 1.10220000e+00  4.59424739e+07  1.10220000e+00  8.63648738e+07  1.10220000e+00  5.13989477e+08 
 1.10550000e+00  4.60854269e+07  1.10550000e+00  8.67100036e+07  1.10550000e+00  5.16021184e+08 
 1.10880000e+00  4.62284554e+07  1.10880000e+00  8.70558077e+07  1.10880000e+00  5.18058230e+08 
 1.11210000e+00  4.63715610e+07  1.11210000e+00  8.74022875e+07  1.11210000e+00  5.20116170e+08 
 1.11540000e+00  4.65147452e+07  1.11540000e+00  8.77494443e+07  1.11540000e+00  5.22168290e+08 
 1.11870000e+00  4.66580095e+07  1.11870000e+00  8.80972793e+07  1.11870000e+00  5.24206365e+08 
 1.12200000e+00  4.68013555e+07  1.12200000e+00  8.84457940e+07  1.12200000e+00  5.26260955e+08 
 1.12530000e+00  4.69447847e+07  1.12530000e+00  8.87949896e+07  1.12530000e+00  5.28319449e+08 
 1.12860000e+00  4.70882985e+07  1.12860000e+00  8.91448672e+07  1.12860000e+00  5.30381042e+08 
 1.13190000e+00  4.72318985e+07  1.13190000e+00  8.94954284e+07  1.13190000e+00  5.32447169e+08 
 1.13520000e+00  4.73755860e+07  1.13520000e+00  8.98466742e+07  1.13520000e+00  5.34501926e+08 
 1.13850000e+00  4.75193625e+07  1.13850000e+00  9.01986058e+07  1.13850000e+00  5.36562724e+08 
 1.14180000e+00  4.76632295e+07  1.14180000e+00  9.05512245e+07  1.14180000e+00  5.38631729e+08 
 1.14510000e+00  4.78071883e+07  1.14510000e+00  9.09045314e+07  1.14510000e+00  5.40708216e+08 
 1.14840000e+00  4.79512405e+07  1.14840000e+00  9.12585278e+07  1.14840000e+00  5.42790109e+08 
 1.15170000e+00  4.80953873e+07  1.15170000e+00  9.16132148e+07  1.15170000e+00  5.44860524e+08 
 1.15500000e+00  4.82396301e+07  1.15500000e+00  9.19685935e+07  1.15500000e+00  5.46933214e+08 
 1.15830000e+00  4.83839704e+07  1.15830000e+00  9.23246650e+07  1.15830000e+00  5.49007257e+08 
 1.16160000e+00  4.85284094e+07  1.16160000e+00  9.26814306e+07  1.16160000e+00  5.51094785e+08 
 1.16490000e+00  4.86729485e+07  1.16490000e+00  9.30388913e+07  1.16490000e+00  5.53196826e+08 
 1.16820000e+00  4.88175891e+07  1.16820000e+00  9.33970481e+07  1.16820000e+00  5.55284128e+08 
 1.17150000e+00  4.89623324e+07  1.17150000e+00  9.37559022e+07  1.17150000e+00  5.57366639e+08 
 1.17480000e+00  4.91071798e+07  1.17480000e+00  9.41154545e+07  1.17480000e+00  5.59466365e+08 
 1.17810000e+00  4.92521325e+07  1.17810000e+00  9.44757063e+07  1.17810000e+00  5.61579689e+08 
 1.18140000e+00  4.93971919e+07  1.18140000e+00  9.48366585e+07  1.18140000e+00  5.63667198e+08 
 1.18470000e+00  4.95423592e+07  1.18470000e+00  9.51983121e+07  1.18470000e+00  5.65759093e+08 
 1.18800000e+00  4.96876357e+07  1.18800000e+00  9.55606681e+07  1.18800000e+00  5.67873107e+08 
 1.19130000e+00  4.98330226e+07  1.19130000e+00  9.59237276e+07  1.19130000e+00  5.69984683e+08 
 1.19460000e+00  4.99785212e+07  1.19460000e+00  9.62874915e+07  1.19460000e+00  5.72089302e+08 
 1.19790000e+00  5.01241327e+07  1.19790000e+00  9.66519607e+07  1.19790000e+00  5.74224500e+08 
 1.20120000e+00  5.02698583e+07  1.20120000e+00  9.70171363e+07  1.20120000e+00  5.76349946e+08 
 1.20450000e+00  5.04156993e+07  1.20450000e+00  9.73830192e+07  1.20450000e+00  5.78447143e+08 
 1.20780000e+00  5.05616568e+07  1.20780000e+00  9.77496103e+07  1.20780000e+00  5.80562402e+08 
 1.21110000e+00  5.07077320e+07  1.21110000e+00  9.81169106e+07  1.21110000e+00  5.82682601e+08 
 1.21440000e+00  5.08539261e+07  1.21440000e+00  9.84849209e+07  1.21440000e+00  5.84836664e+08 
 1.21770000e+00  5.10002403e+07  1.21770000e+00  9.88536421e+07  1.21770000e+00  5.86991979e+08 
 1.22100000e+00  5.11466757e+07  1.22100000e+00  9.92230752e+07  1.22100000e+00  5.89115608e+08 
 1.22430000e+00  5.12932335e+07  1.22430000e+00  9.95932210e+07  1.22430000e+00  5.91241037e+08 
 1.22760000e+00  5.14399148e+07  1.22760000e+00  9.99640804e+07  1.22760000e+00  5.93382347e+08 
 1.23090000e+00  5.15867208e+07  1.23090000e+00  1.00335654e+08  1.23090000e+00  5.95517925e+08 
 1.23420000e+00  5.17336525e+07  1.23420000e+00  1.00707943e+08  1.23420000e+00  5.97681006e+08 
 1.23750000e+00  5.18807111e+07  1.23750000e+00  1.01080948e+08  1.23750000e+00  5.99838396e+08 
 1.24080000e+00  5.20278977e+07  1.24080000e+00  1.01454671e+08  1.24080000e+00  6.01983818e+08 
 1.24410000e+00  5.21752134e+07  1.24410000e+00  1.01829110e+08  1.24410000e+00  6.04130270e+08 
 1.24740000e+00  5.23226592e+07  1.24740000e+00  1.02204269e+08  1.24740000e+00  6.06308342e+08 
 1.25070000e+00  5.24702363e+07  1.25070000e+00  1.02580146e+08  1.25070000e+00  6.08485699e+08 
 1.25400000e+00  5.26179457e+07  1.25400000e+00  1.02956744e+08  1.25400000e+00  6.10616731e+08 
 1.25730000e+00  5.27657885e+07  1.25730000e+00  1.03334063e+08  1.25730000e+00  6.12797470e+08 
 1.26060000e+00  5.29137657e+07  1.26060000e+00  1.03712103e+08  1.26060000e+00  6.14986040e+08 
 1.26390000e+00  5.30618784e+07  1.26390000e+00  1.04090865e+08  1.26390000e+00  6.17164258e+08 
 1.26720000e+00  5.32101276e+07  1.26720000e+00  1.04470351e+08  1.26720000e+00  6.19336704e+08 
 1.27050000e+00  5.33585143e+07  1.27050000e+00  1.04850560e+08  1.27050000e+00  6.21503017e+08 
 1.27380000e+00  5.35070395e+07  1.27380000e+00  1.05231494e+08  1.27380000e+00  6.23692105e+08 
 1.27710000e+00  5.36557043e+07  1.27710000e+00  1.05613153e+08  1.27710000e+00  6.25883049e+08 
 1.28040000e+00  5.38045097e+07  1.28040000e+00  1.05995538e+08  1.28040000e+00  6.28069254e+08 
 1.28370000e+00  5.39534566e+07  1.28370000e+00  1.06378649e+08  1.28370000e+00  6.30273506e+08 
 1.28700000e+00  5.41025461e+07  1.28700000e+00  1.06762488e+08  1.28700000e+00  6.32494752e+08 
 1.29030000e+00  5.42517791e+07  1.29030000e+00  1.07147054e+08  1.29030000e+00  6.34690398e+08 
 1.29360000e+00  5.44011566e+07  1.29360000e+00  1.07532349e+08  1.29360000e+00  6.36859609e+08 
 1.29690000e+00  5.45506795e+07  1.29690000e+00  1.07918374e+08  1.29690000e+00  6.39082755e+08 
 1.30020000e+00  5.47003489e+07  1.30020000e+00  1.08305128e+08  1.30020000e+00  6.41313357e+08 
 1.30350000e+00  5.48501656e+07  1.30350000e+00  1.08692613e+08  1.30350000e+00  6.43514625e+08 
 1.30680000e+00  5.50001307e+07  1.30680000e+00  1.09080828e+08  1.30680000e+00  6.45730219e+08 
 1.31010000e+00  5.51502450e+07  1.31010000e+00  1.09469776e+08  1.31010000e+00  6.47944073e+08 
 1.31340000e+00  5.53005095e+07  1.31340000e+00  1.09859456e+08  1.31340000e+00  6.50172171e+08 
 1.31670000e+00  5.54509250e+07  1.31670000e+00  1.10249868e+08  1.31670000e+00  6.52422019e+08 
 1.32000000e+00  5.56014926e+07  1.32000000e+00  1.10641014e+08  1.32000000e+00  6.54666051e+08 
 1.32330000e+00  5.57522131e+07  1.32330000e+00  1.11032894e+08  1.32330000e+00  6.56870704e+08 
 1.32660000e+00  5.59030874e+07  1.32660000e+00  1.11425509e+08  1.32660000e+00  6.59110315e+08 
 1.32990000e+00  5.60541164e+07  1.32990000e+00  1.11818858e+08  1.32990000e+00  6.61363124e+08 
 1.33320000e+00  5.62053010e+07  1.33320000e+00  1.12212944e+08  1.33320000e+00  6.63600688e+08 
 1.33650000e+00  5.63566421e+07  1.33650000e+00  1.12607765e+08  1.33650000e+00  6.65861695e+08 
 1.33980000e+00  5.65081406e+07  1.33980000e+00  1.13003323e+08  1.33980000e+00  6.68088531e+08 
 1.34310000e+00  5.66597973e+07  1.34310000e+00  1.13399619e+08  1.34310000e+00  6.70338453e+08 
 1.34640000e+00  5.68116131e+07  1.34640000e+00  1.13796652e+08  1.34640000e+00  6.72633382e+08 
 1.34970000e+00  5.69635888e+07  1.34970000e+00  1.14194423e+08  1.34970000e+00  6.74895339e+08 
 1.35300000e+00  5.71157253e+07  1.35300000e+00  1.14592933e+08  1.35300000e+00  6.77125556e+08 
 1.35630000e+00  5.72680235e+07  1.35630000e+00  1.14992183e+08  1.35630000e+00  6.79411028e+08 
 1.35960000e+00  5.74204841e+07  1.35960000e+00  1.15392172e+08  1.35960000e+00  6.81720132e+08 
 1.36290000e+00  5.75731080e+07  1.36290000e+00  1.15792901e+08  1.36290000e+00  6.83947537e+08 
 1.36620000e+00  5.77258961e+07  1.36620000e+00  1.16194371e+08  1.36620000e+00  6.86222520e+08 
 1.36950000e+00  5.78788491e+07  1.36950000e+00  1.16596582e+08  1.36950000e+00  6.88533853e+08 
 1.37280000e+00  5.80319679e+07  1.37280000e+00  1.16999534e+08  1.37280000e+00  6.90822948e+08 
 1.37610000e+00  5.81852532e+07  1.37610000e+00  1.17403229e+08  1.37610000e+00  6.93103982e+08 
 1.37940000e+00  5.83387059e+07  1.37940000e+00  1.17807665e+08  1.37940000e+00  6.95376566e+08 
 1.38270000e+00  5.84923268e+07  1.38270000e+00  1.18212845e+08  1.38270000e+00  6.97689368e+08 
 1.38600000e+00  5.86461166e+07  1.38600000e+00  1.18618767e+08  1.38600000e+00  7.00006415e+08 
 1.38930000e+00  5.88000762e+07  1.38930000e+00  1.19025434e+08  1.38930000e+00  7.02293426e+08 
 1.39260000e+00  5.89542063e+07  1.39260000e+00  1.19432844e+08  1.39260000e+00  7.04608503e+08 
 1.39590000e+00  5.91085077e+07  1.39590000e+00  1.19840999e+08  1.39590000e+00  7.06918974e+08 
 1.39920000e+00  5.92629811e+07  1.39920000e+00  1.20249898e+08  1.39920000e+00  7.09231838e+08 
 1.40250000e+00  5.94176274e+07  1.40250000e+00  1.20659542e+08  1.40250000e+00  7.11550817e+08 
 1.40580000e+00  5.95724473e+07  1.40580000e+00  1.21069932e+08  1.40580000e+00  7.13850284e+08 
 1.40910000e+00  5.97274415e+07  1.40910000e+00  1.21481068e+08  1.40910000e+00  7.16210209e+08 
 1.41240000e+00  5.98826108e+07  1.41240000e+00  1.21892950e+08  1.41240000e+00  7.18530633e+08 
 1.41570000e+00  6.00379559e+07  1.41570000e+00  1.22305579e+08  1.41570000e+00  7.20838414e+08 
 1.41900000e+00  6.01934776e+07  1.41900000e+00  1.22718954e+08  1.41900000e+00  7.23199296e+08 
 1.42230000e+00  6.03491766e+07  1.42230000e+00  1.23133077e+08  1.42230000e+00  7.25523134e+08 
 1.42560000e+00  6.05050536e+07  1.42560000e+00  1.23547947e+08  1.42560000e+00  7.27882351e+08 
 1.42890000e+00  6.06611094e+07  1.42890000e+00  1.23963565e+08  1.42890000e+00  7.30257340e+08 
 1.43220000e+00  6.08173446e+07  1.43220000e+00  1.24379932e+08  1.43220000e+00  7.32579734e+08 
 1.43550000e+00  6.09737599e+07  1.43550000e+00  1.24797046e+08  1.43550000e+00  7.34920997e+08 
 1.43880000e+00  6.11303562e+07  1.43880000e+00  1.25214910e+08  1.43880000e+00  7.37281689e+08 
 1.44210000e+00  6.12871341e+07  1.44210000e+00  1.25633522e+08  1.44210000e+00  7.39636244e+08 
 1.44540000e+00  6.14440942e+07  1.44540000e+00  1.26052884e+08  1.44540000e+00  7.42025234e+08 
 1.44870000e+00  6.16012373e+07  1.44870000e+00  1.26472995e+08  1.44870000e+00  7.44392224e+08 
 1.45200000e+00  6.17585640e+07  1.45200000e+00  1.26893856e+08  1.45200000e+00  7.46728756e+08 
 1.45530000e+00  6.19160751e+07  1.45530000e+00  1.27315468e+08  1.45530000e+00  7.49123005e+08 
 1.45860000e+00  6.20737713e+07  1.45860000e+00  1.27737829e+08  1.45860000e+00  7.51527832e+08 
 1.46190000e+00  6.22316531e+07  1.46190000e+00  1.28160941e+08  1.46190000e+00  7.53921737e+08 
 1.46520000e+00  6.23897213e+07  1.46520000e+00  1.28584804e+08  1.46520000e+00  7.56298576e+08 
 1.46850000e+00  6.25479766e+07  1.46850000e+00  1.29009419e+08  1.46850000e+00  7.58676282e+08 
 1.47180000e+00  6.27064195e+07  1.47180000e+00  1.29434784e+08  1.47180000e+00  7.61047770e+08 
 1.47510000e+00  6.28650508e+07  1.47510000e+00  1.29860901e+08  1.47510000e+00  7.63442658e+08 
 1.47840000e+00  6.30238711e+07  1.47840000e+00  1.30287770e+08  1.47840000e+00  7.65874113e+08 
 1.48170000e+00  6.31828810e+07  1.48170000e+00  1.30715391e+08  1.48170000e+00  7.68280301e+08 
 1.48500000e+00  6.33420812e+07  1.48500000e+00  1.31143763e+08  1.48500000e+00  7.70686806e+08 
 1.48830000e+00  6.35014724e+07  1.48830000e+00  1.31572888e+08  1.48830000e+00  7.73084239e+08 
 1.49160000e+00  6.36610552e+07  1.49160000e+00  1.32002766e+08  1.49160000e+00  7.75508134e+08 
 1.49490000e+00  6.38208301e+07  1.49490000e+00  1.32433397e+08  1.49490000e+00  7.77941376e+08 
 1.49820000e+00  6.39807979e+07  1.49820000e+00  1.32864780e+08  1.49820000e+00  7.80368667e+08 
 1.50150000e+00  6.41409591e+07  1.50150000e+00  1.33296916e+08  1.50150000e+00  7.82812622e+08 
 1.50480000e+00  6.43013144e+07  1.50480000e+00  1.33729806e+08  1.50480000e+00  7.85219428e+08 
 1.50810000e+00  6.44618644e+07  1.50810000e+00  1.34163449e+08  1.50810000e+00  7.87622522e+08 
 1.51140000e+00  6.46226097e+07  1.51140000e+00  1.34597845e+08  1.51140000e+00  7.90104259e+08 
 1.51470000e+00  6.47835509e+07  1.51470000e+00  1.35032995e+08  1.51470000e+00  7.92548639e+08 
 1.51800000e+00  6.49446885e+07  1.51800000e+00  1.35468899e+08  1.51800000e+00  7.94961082e+08 
 1.52130000e+00  6.51060233e+07  1.52130000e+00  1.35905557e+08  1.52130000e+00  7.97477623e+08 
 1.52460000e+00  6.52675558e+07  1.52460000e+00  1.36342969e+08  1.52460000e+00  7.99901429e+08 
 1.52790000e+00  6.54292866e+07  1.52790000e+00  1.36781135e+08  1.52790000e+00  8.02312745e+08 
 1.53120000e+00  6.55912163e+07  1.53120000e+00  1.37220055e+08  1.53120000e+00  8.04824163e+08 
 1.53450000e+00  6.57533454e+07  1.53450000e+00  1.37659730e+08  1.53450000e+00  8.07284564e+08 
 1.53780000e+00  6.59156746e+07  1.53780000e+00  1.38100160e+08  1.53780000e+00  8.09768086e+08 
 1.54110000e+00  6.60782044e+07  1.54110000e+00  1.38541344e+08  1.54110000e+00  8.12204314e+08 
 1.54440000e+00  6.62409354e+07  1.54440000e+00  1.38983282e+08  1.54440000e+00  8.14681992e+08 
 1.54770000e+00  6.64038681e+07  1.54770000e+00  1.39425976e+08  1.54770000e+00  8.17167376e+08 
 1.55100000e+00  6.65670032e+07  1.55100000e+00  1.39869424e+08  1.55100000e+00  8.19659842e+08 
 1.55430000e+00  6.67303412e+07  1.55430000e+00  1.40313628e+08  1.55430000e+00  8.22166595e+08 
 1.55760000e+00  6.68938826e+07  1.55760000e+00  1.40758586e+08  1.55760000e+00  8.24660070e+08 
 1.56090000e+00  6.70576280e+07  1.56090000e+00  1.41204299e+08  1.56090000e+00  8.27154653e+08 
 1.56420000e+00  6.72215779e+07  1.56420000e+00  1.41650768e+08  1.56420000e+00  8.29636528e+08 
 1.56750000e+00  6.73857330e+07  1.56750000e+00  1.42097992e+08  1.56750000e+00  8.32142385e+08 
 1.57080000e+00  6.75500937e+07  1.57080000e+00  1.42545971e+08  1.57080000e+00  8.34644395e+08 
 1.57410000e+00  6.77146605e+07  1.57410000e+00  1.42994705e+08  1.57410000e+00  8.37198691e+08 
 1.57740000e+00  6.78794342e+07  1.57740000e+00  1.43444195e+08  1.57740000e+00  8.39681118e+08 
 1.58070000e+00  6.80444150e+07  1.58070000e+00  1.43894440e+08  1.58070000e+00  8.42148680e+08 
 1.58400000e+00  6.82096036e+07  1.58400000e+00  1.44345441e+08  1.58400000e+00  8.44705711e+08 
 1.58730000e+00  6.83750006e+07  1.58730000e+00  1.44797197e+08  1.58730000e+00  8.47285321e+08 
 1.59060000e+00  6.85406064e+07  1.59060000e+00  1.45249708e+08  1.59060000e+00  8.49779564e+08 
 1.59390000e+00  6.87064215e+07  1.59390000e+00  1.45702975e+08  1.59390000e+00  8.52330770e+08 
 1.59720000e+00  6.88724466e+07  1.59720000e+00  1.46156997e+08  1.59720000e+00  8.54857178e+08 
 1.60050000e+00  6.90386820e+07  1.60050000e+00  1.46611775e+08  1.60050000e+00  8.57384275e+08 
 1.60380000e+00  6.92051282e+07  1.60380000e+00  1.47067308e+08  1.60380000e+00  8.59972206e+08 
 1.60710000e+00  6.93717860e+07  1.60710000e+00  1.47523597e+08  1.60710000e+00  8.62498250e+08 
 1.61040000e+00  6.95386556e+07  1.61040000e+00  1.47980641e+08  1.61040000e+00  8.65041267e+08 
 1.61370000e+00  6.97057376e+07  1.61370000e+00  1.48438440e+08  1.61370000e+00  8.67592297e+08 
 1.61700000e+00  6.98730326e+07  1.61700000e+00  1.48896995e+08  1.61700000e+00  8.70164696e+08 
 1.62030000e+00  7.00405409e+07  1.62030000e+00  1.49356305e+08  1.62030000e+00  8.72746242e+08 
 1.62360000e+00  7.02082631e+07  1.62360000e+00  1.49816371e+08  1.62360000e+00  8.75321987e+08 
 1.62690000e+00  7.03761998e+07  1.62690000e+00  1.50277191e+08  1.62690000e+00  8.77899069e+08 
 1.63020000e+00  7.05443513e+07  1.63020000e+00  1.50738767e+08  1.63020000e+00  8.80470650e+08 
 1.63350000e+00  7.07127181e+07  1.63350000e+00  1.51201099e+08  1.63350000e+00  8.83074669e+08 
 1.63680000e+00  7.08813008e+07  1.63680000e+00  1.51664185e+08  1.63680000e+00  8.85609561e+08 
 1.64010000e+00  7.10500998e+07  1.64010000e+00  1.52128026e+08  1.64010000e+00  8.88163128e+08 
 1.64340000e+00  7.12191156e+07  1.64340000e+00  1.52592623e+08  1.64340000e+00  8.90831154e+08 
 1.64670000e+00  7.13883486e+07  1.64670000e+00  1.53057974e+08  1.64670000e+00  8.93432120e+08 
 1.65000000e+00  7.15577994e+07  1.65000000e+00  1.53524080e+08  1.65000000e+00  8.95999676e+08 
 1.65330000e+00  7.17274684e+07  1.65330000e+00  1.53990941e+08  1.65330000e+00  8.98586071e+08 
 1.65660000e+00  7.18973560e+07  1.65660000e+00  1.54458557e+08  1.65660000e+00  9.01219060e+08 
 1.65990000e+00  7.20674627e+07  1.65990000e+00  1.54926927e+08  1.65990000e+00  9.03884273e+08 
 1.66320000e+00  7.22377890e+07  1.66320000e+00  1.55396052e+08  1.66320000e+00  9.06451964e+08 
 1.66650000e+00  7.24083353e+07  1.66650000e+00  1.55865931e+08  1.66650000e+00  9.09027851e+08 
 1.66980000e+00  7.25791021e+07  1.66980000e+00  1.56336564e+08  1.66980000e+00  9.11701547e+08 
 1.67310000e+00  7.27500898e+07  1.67310000e+00  1.56807952e+08  1.67310000e+00  9.14336617e+08 
 1.67640000e+00  7.29212988e+07  1.67640000e+00  1.57280094e+08  1.67640000e+00  9.16948651e+08 
 1.67970000e+00  7.30927297e+07  1.67970000e+00  1.57752989e+08  1.67970000e+00  9.19633509e+08 
 1.68300000e+00  7.32643828e+07  1.68300000e+00  1.58226639e+08  1.68300000e+00  9.22275933e+08 
 1.68630000e+00  7.34362586e+07  1.68630000e+00  1.58701042e+08  1.68630000e+00  9.24849761e+08 
 1.68960000e+00  7.36083575e+07  1.68960000e+00  1.59176199e+08  1.68960000e+00  9.27513949e+08 
 1.69290000e+00  7.37806800e+07  1.69290000e+00  1.59652109e+08  1.69290000e+00  9.30195034e+08 
 1.69620000e+00  7.39532264e+07  1.69620000e+00  1.60128773e+08  1.69620000e+00  9.32815738e+08 
 1.69950000e+00  7.41259973e+07  1.69950000e+00  1.60606190e+08  1.69950000e+00  9.35502974e+08 
 1.70280000e+00  7.42989930e+07  1.70280000e+00  1.61084359e+08  1.70280000e+00  9.38190216e+08 
 1.70610000e+00  7.44722139e+07  1.70610000e+00  1.61563282e+08  1.70610000e+00  9.40811188e+08 
 1.70940000e+00  7.46456605e+07  1.70940000e+00  1.62042957e+08  1.70940000e+00  9.43494189e+08 
 1.71270000e+00  7.48193331e+07  1.71270000e+00  1.62523385e+08  1.71270000e+00  9.46201631e+08 
 1.71600000e+00  7.49932323e+07  1.71600000e+00  1.63004565e+08  1.71600000e+00  9.48847545e+08 
 1.71930000e+00  7.51673584e+07  1.71930000e+00  1.63486497e+08  1.71930000e+00  9.51543734e+08 
 1.72260000e+00  7.53417118e+07  1.72260000e+00  1.63969181e+08  1.72260000e+00  9.54253462e+08 
 1.72590000e+00  7.55162929e+07  1.72590000e+00  1.64452617e+08  1.72590000e+00  9.56922598e+08 
 1.72920000e+00  7.56911021e+07  1.72920000e+00  1.64936805e+08  1.72920000e+00  9.59588446e+08 
 1.73250000e+00  7.58661398e+07  1.73250000e+00  1.65421744e+08  1.73250000e+00  9.62308684e+08 
 1.73580000e+00  7.60414065e+07  1.73580000e+00  1.65907434e+08  1.73580000e+00  9.65054821e+08 
 1.73910000e+00  7.62169024e+07  1.73910000e+00  1.66393875e+08  1.73910000e+00  9.67748787e+08 
 1.74240000e+00  7.63926281e+07  1.74240000e+00  1.66881067e+08  1.74240000e+00  9.70411563e+08 
 1.74570000e+00  7.65685838e+07  1.74570000e+00  1.67369009e+08  1.74570000e+00  9.73134748e+08 
 1.74900000e+00  7.67447701e+07  1.74900000e+00  1.67857702e+08  1.74900000e+00  9.75889590e+08 
 1.75230000e+00  7.69211872e+07  1.75230000e+00  1.68347145e+08  1.75230000e+00  9.78577286e+08 
 1.75560000e+00  7.70978355e+07  1.75560000e+00  1.68837338e+08  1.75560000e+00  9.81369219e+08 
 1.75890000e+00  7.72747155e+07  1.75890000e+00  1.69328280e+08  1.75890000e+00  9.84114280e+08 
 1.76220000e+00  7.74518275e+07  1.76220000e+00  1.69819972e+08  1.76220000e+00  9.86778875e+08 
 1.76550000e+00  7.76291718e+07  1.76550000e+00  1.70312413e+08  1.76550000e+00  9.89558866e+08 
 1.76880000e+00  7.78067489e+07  1.76880000e+00  1.70805603e+08  1.76880000e+00  9.92268924e+08 
 1.77210000e+00  7.79845592e+07  1.77210000e+00  1.71299542e+08  1.77210000e+00  9.95036085e+08 
 1.77540000e+00  7.81626029e+07  1.77540000e+00  1.71794229e+08  1.77540000e+00  9.97775027e+08 
 1.77870000e+00  7.83408804e+07  1.77870000e+00  1.72289663e+08  1.77870000e+00  1.00050264e+09 
 1.78200000e+00  7.85193922e+07  1.78200000e+00  1.72785846e+08  1.78200000e+00  1.00334266e+09 
 1.78530000e+00  7.86981385e+07  1.78530000e+00  1.73282776e+08  1.78530000e+00  1.00610493e+09 
 1.78860000e+00  7.88771198e+07  1.78860000e+00  1.73780454e+08  1.78860000e+00  1.00882819e+09 
 1.79190000e+00  7.90563363e+07  1.79190000e+00  1.74278878e+08  1.79190000e+00  1.01154092e+09 
 1.79520000e+00  7.92357885e+07  1.79520000e+00  1.74778049e+08  1.79520000e+00  1.01438806e+09 
 1.79850000e+00  7.94154766e+07  1.79850000e+00  1.75277967e+08  1.79850000e+00  1.01719689e+09 
 1.80180000e+00  7.95954011e+07  1.80180000e+00  1.75778630e+08  1.80180000e+00  1.01990065e+09 
 1.80510000e+00  7.97755623e+07  1.80510000e+00  1.76280040e+08  1.80510000e+00  1.02268798e+09 
 1.80840000e+00  7.99559604e+07  1.80840000e+00  1.76782194e+08  1.80840000e+00  1.02552665e+09 
 1.81170000e+00  8.01365959e+07  1.81170000e+00  1.77285094e+08  1.81170000e+00  1.02834554e+09 
 1.81500000e+00  8.03174692e+07  1.81500000e+00  1.77788738e+08  1.81500000e+00  1.03113846e+09 
 1.81830000e+00  8.04985804e+07  1.81830000e+00  1.78293127e+08  1.81830000e+00  1.03397301e+09 
 1.82160000e+00  8.06799300e+07  1.82160000e+00  1.78798259e+08  1.82160000e+00  1.03670711e+09 
 1.82490000e+00  8.08615183e+07  1.82490000e+00  1.79304136e+08  1.82490000e+00  1.03949889e+09 
 1.82820000e+00  8.10433456e+07  1.82820000e+00  1.79810755e+08  1.82820000e+00  1.04236137e+09 
 1.83150000e+00  8.12254122e+07  1.83150000e+00  1.80318118e+08  1.83150000e+00  1.04517296e+09 
 1.83480000e+00  8.14077185e+07  1.83480000e+00  1.80826223e+08  1.83480000e+00  1.04798273e+09 
 1.83810000e+00  8.15902647e+07  1.83810000e+00  1.81335070e+08  1.83810000e+00  1.05078190e+09 
 1.84140000e+00  8.17730513e+07  1.84140000e+00  1.81844659e+08  1.84140000e+00  1.05369849e+09 
 1.84470000e+00  8.19560785e+07  1.84470000e+00  1.82354989e+08  1.84470000e+00  1.05654107e+09 
 1.84800000e+00  8.21393465e+07  1.84800000e+00  1.82866061e+08  1.84800000e+00  1.05932970e+09 
 1.85130000e+00  8.23228558e+07  1.85130000e+00  1.83377872e+08  1.85130000e+00  1.06217694e+09 
 1.85460000e+00  8.25066067e+07  1.85460000e+00  1.83890424e+08  1.85460000e+00  1.06500267e+09 
 1.85790000e+00  8.26905994e+07  1.85790000e+00  1.84403716e+08  1.85790000e+00  1.06787172e+09 
 1.86120000e+00  8.28748342e+07  1.86120000e+00  1.84917747e+08  1.86120000e+00  1.07073364e+09 
 1.86450000e+00  8.30593114e+07  1.86450000e+00  1.85432516e+08  1.86450000e+00  1.07361605e+09 
 1.86780000e+00  8.32440313e+07  1.86780000e+00  1.85948024e+08  1.86780000e+00  1.07645976e+09 
 1.87110000e+00  8.34289943e+07  1.87110000e+00  1.86464269e+08  1.87110000e+00  1.07927788e+09 
 1.87440000e+00  8.36142006e+07  1.87440000e+00  1.86981253e+08  1.87440000e+00  1.08222439e+09 
 1.87770000e+00  8.37996505e+07  1.87770000e+00  1.87498973e+08  1.87770000e+00  1.08507059e+09 
 1.88100000e+00  8.39853443e+07  1.88100000e+00  1.88017429e+08  1.88100000e+00  1.08793387e+09 
 1.88430000e+00  8.41712822e+07  1.88430000e+00  1.88536621e+08  1.88430000e+00  1.09087327e+09 
 1.88760000e+00  8.43574646e+07  1.88760000e+00  1.89056548e+08  1.88760000e+00  1.09372731e+09 
 1.89090000e+00  8.45438916e+07  1.89090000e+00  1.89577211e+08  1.89090000e+00  1.09661818e+09 
 1.89420000e+00  8.47305637e+07  1.89420000e+00  1.90098607e+08  1.89420000e+00  1.09950878e+09 
 1.89750000e+00  8.49174810e+07  1.89750000e+00  1.90620737e+08  1.89750000e+00  1.10237877e+09 
 1.90080000e+00  8.51046438e+07  1.90080000e+00  1.91143601e+08  1.90080000e+00  1.10529756e+09 
 1.90410000e+00  8.52920525e+07  1.90410000e+00  1.91667197e+08  1.90410000e+00  1.10819634e+09 
 1.90740000e+00  8.54797071e+07  1.90740000e+00  1.92191525e+08  1.90740000e+00  1.11114387e+09 
 1.91070000e+00  8.56676081e+07  1.91070000e+00  1.92716584e+08  1.91070000e+00  1.11411514e+09 
 1.91400000e+00  8.58557556e+07  1.91400000e+00  1.93242374e+08  1.91400000e+00  1.11703108e+09 
 1.91730000e+00  8.60441499e+07  1.91730000e+00  1.93768894e+08  1.91730000e+00  1.11982320e+09 
 1.92060000e+00  8.62327913e+07  1.92060000e+00  1.94296144e+08  1.92060000e+00  1.12276375e+09 
 1.92390000e+00  8.64216799e+07  1.92390000e+00  1.94824123e+08  1.92390000e+00  1.12577962e+09 
 1.92720000e+00  8.66108161e+07  1.92720000e+00  1.95352830e+08  1.92720000e+00  1.12871631e+09 
 1.93050000e+00  8.68002001e+07  1.93050000e+00  1.95882264e+08  1.93050000e+00  1.13167655e+09 
 1.93380000e+00  8.69898321e+07  1.93380000e+00  1.96412426e+08  1.93380000e+00  1.13449173e+09 
 1.93710000e+00  8.71797123e+07  1.93710000e+00  1.96943313e+08  1.93710000e+00  1.13749101e+09 
 1.94040000e+00  8.73698410e+07  1.94040000e+00  1.97474926e+08  1.94040000e+00  1.14048354e+09 
 1.94370000e+00  8.75602184e+07  1.94370000e+00  1.98007263e+08  1.94370000e+00  1.14344036e+09 
 1.94700000e+00  8.77508447e+07  1.94700000e+00  1.98540325e+08  1.94700000e+00  1.14638199e+09 
 1.95030000e+00  8.79417201e+07  1.95030000e+00  1.99074109e+08  1.95030000e+00  1.14924168e+09 
 1.95360000e+00  8.81328448e+07  1.95360000e+00  1.99608616e+08  1.95360000e+00  1.15232287e+09 
 1.95690000e+00  8.83242191e+07  1.95690000e+00  2.00143844e+08  1.95690000e+00  1.15536228e+09 
 1.96020000e+00  8.85158432e+07  1.96020000e+00  2.00679793e+08  1.96020000e+00  1.15827693e+09 
 1.96350000e+00  8.87077171e+07  1.96350000e+00  2.01216462e+08  1.96350000e+00  1.16119104e+09 
 1.96680000e+00  8.88998413e+07  1.96680000e+00  2.01753850e+08  1.96680000e+00  1.16421826e+09 
 1.97010000e+00  8.90922158e+07  1.97010000e+00  2.02291956e+08  1.97010000e+00  1.16719537e+09 
 1.97340000e+00  8.92848408e+07  1.97340000e+00  2.02830779e+08  1.97340000e+00  1.17019304e+09 
 1.97670000e+00  8.94777165e+07  1.97670000e+00  2.03370318e+08  1.97670000e+00  1.17323596e+09 
 1.98000000e+00  8.96708431e+07  1.98000000e+00  2.03910573e+08  1.98000000e+00  1.17616240e+09 
 1.98330000e+00  8.98642208e+07  1.98330000e+00  2.04451542e+08  1.98330000e+00  1.17918209e+09 
 1.98660000e+00  9.00578497e+07  1.98660000e+00  2.04993225e+08  1.98660000e+00  1.18220078e+09 
 1.98990000e+00  9.02517300e+07  1.98990000e+00  2.05535619e+08  1.98990000e+00  1.18523598e+09 
 1.99320000e+00  9.04458619e+07  1.99320000e+00  2.06078726e+08  1.99320000e+00  1.18821979e+09 
 1.99650000e+00  9.06402455e+07  1.99650000e+00  2.06622542e+08  1.99650000e+00  1.19127195e+09 
 1.99980000e+00  9.08348810e+07  1.99980000e+00  2.07167067e+08  1.99980000e+00  1.19431237e+09 
 2.00310000e+00  9.10297685e+07  2.00310000e+00  2.07712301e+08  2.00310000e+00  1.19728848e+09 
 2.00640000e+00  9.12249081e+07  2.00640000e+00  2.08258241e+08  2.00640000e+00  1.20030229e+09 
 2.00970000e+00  9.14203001e+07  2.00970000e+00  2.08804887e+08  2.00970000e+00  1.20330963e+09 
 2.01300000e+00  9.16159445e+07  2.01300000e+00  2.09352238e+08  2.01300000e+00  1.20640131e+09 
 2.01630000e+00  9.18118414e+07  2.01630000e+00  2.09900292e+08  2.01630000e+00  1.20941678e+09 
 2.01960000e+00  9.20079911e+07  2.01960000e+00  2.10449047e+08  2.01960000e+00  1.21244172e+09 
 2.02290000e+00  9.22043935e+07  2.02290000e+00  2.10998504e+08  2.02290000e+00  1.21558441e+09 
 2.02620000e+00  9.24010488e+07  2.02620000e+00  2.11548660e+08  2.02620000e+00  1.21866759e+09 
 2.02950000e+00  9.25979571e+07  2.02950000e+00  2.12099514e+08  2.02950000e+00  1.22161525e+09 
 2.03280000e+00  9.27951185e+07  2.03280000e+00  2.12651065e+08  2.03280000e+00  1.22467315e+09 
 2.03610000e+00  9.29925331e+07  2.03610000e+00  2.13203310e+08  2.03610000e+00  1.22777597e+09 
 2.03940000e+00  9.31902010e+07  2.03940000e+00  2.13756250e+08  2.03940000e+00  1.23079714e+09 
 2.04270000e+00  9.33881222e+07  2.04270000e+00  2.14309882e+08  2.04270000e+00  1.23393304e+09 
 2.04600000e+00  9.35862968e+07  2.04600000e+00  2.14864204e+08  2.04600000e+00  1.23697739e+09 
 2.04930000e+00  9.37847250e+07  2.04930000e+00  2.15419216e+08  2.04930000e+00  1.23997128e+09 
 2.05260000e+00  9.39834067e+07  2.05260000e+00  2.15974915e+08  2.05260000e+00  1.24308844e+09 
 2.05590000e+00  9.41823420e+07  2.05590000e+00  2.16531301e+08  2.05590000e+00  1.24623315e+09 
 2.05920000e+00  9.43815309e+07  2.05920000e+00  2.17088370e+08  2.05920000e+00  1.24940084e+09 
 2.06250000e+00  9.45809735e+07  2.06250000e+00  2.17646122e+08  2.06250000e+00  1.25241943e+09 
 2.06580000e+00  9.47806698e+07  2.06580000e+00  2.18204554e+08  2.06580000e+00  1.25555179e+09 
 2.06910000e+00  9.49806199e+07  2.06910000e+00  2.18763666e+08  2.06910000e+00  1.25857367e+09 
 2.07240000e+00  9.51808236e+07  2.07240000e+00  2.19323454e+08  2.07240000e+00  1.26162480e+09 
 2.07570000e+00  9.53812812e+07  2.07570000e+00  2.19883917e+08  2.07570000e+00  1.26484234e+09 
 2.07900000e+00  9.55819925e+07  2.07900000e+00  2.20445054e+08  2.07900000e+00  1.26799765e+09 
 2.08230000e+00  9.57829575e+07  2.08230000e+00  2.21006861e+08  2.08230000e+00  1.27109054e+09 
 2.08560000e+00  9.59841762e+07  2.08560000e+00  2.21569337e+08  2.08560000e+00  1.27419585e+09 
 2.08890000e+00  9.61856487e+07  2.08890000e+00  2.22132481e+08  2.08890000e+00  1.27729412e+09 
 2.09220000e+00  9.63873747e+07  2.09220000e+00  2.22696288e+08  2.09220000e+00  1.28035308e+09 
 2.09550000e+00  9.65893544e+07  2.09550000e+00  2.23260759e+08  2.09550000e+00  1.28348840e+09 
 2.09880000e+00  9.67915877e+07  2.09880000e+00  2.23825889e+08  2.09880000e+00  1.28669315e+09 
 2.10210000e+00  9.69940743e+07  2.10210000e+00  2.24391677e+08  2.10210000e+00  1.28985023e+09 
 2.10540000e+00  9.71968145e+07  2.10540000e+00  2.24958121e+08  2.10540000e+00  1.29288604e+09 
 2.10870000e+00  9.73998079e+07  2.10870000e+00  2.25525217e+08  2.10870000e+00  1.29609596e+09 
 2.11200000e+00  9.76030545e+07  2.11200000e+00  2.26092964e+08  2.11200000e+00  1.29937238e+09 
 2.11530000e+00  9.78065543e+07  2.11530000e+00  2.26661358e+08  2.11530000e+00  1.30244029e+09 
 2.11860000e+00  9.80103071e+07  2.11860000e+00  2.27230397e+08  2.11860000e+00  1.30554773e+09 
 2.12190000e+00  9.82143127e+07  2.12190000e+00  2.27800079e+08  2.12190000e+00  1.30868465e+09 
 2.12520000e+00  9.84185711e+07  2.12520000e+00  2.28370400e+08  2.12520000e+00  1.31184654e+09 
 2.12850000e+00  9.86230820e+07  2.12850000e+00  2.28941357e+08  2.12850000e+00  1.31503545e+09 
 2.13180000e+00  9.88278454e+07  2.13180000e+00  2.29512949e+08  2.13180000e+00  1.31817059e+09 
 2.13510000e+00  9.90328610e+07  2.13510000e+00  2.30085170e+08  2.13510000e+00  1.32134668e+09 
 2.13840000e+00  9.92381286e+07  2.13840000e+00  2.30658019e+08  2.13840000e+00  1.32454424e+09 
 2.14170000e+00  9.94436481e+07  2.14170000e+00  2.31231493e+08  2.14170000e+00  1.32775902e+09 
 2.14500000e+00  9.96494193e+07  2.14500000e+00  2.31805587e+08  2.14500000e+00  1.33090634e+09 
 2.14830000e+00  9.98554418e+07  2.14830000e+00  2.32380299e+08  2.14830000e+00  1.33416759e+09 
 2.15160000e+00  1.00061716e+08  2.15160000e+00  2.32955625e+08  2.15160000e+00  1.33724193e+09 
 2.15490000e+00  1.00268240e+08  2.15490000e+00  2.33531561e+08  2.15490000e+00  1.34041662e+09 
 2.15820000e+00  1.00475015e+08  2.15820000e+00  2.34108105e+08  2.15820000e+00  1.34367376e+09 
 2.16150000e+00  1.00682041e+08  2.16150000e+00  2.34685252e+08  2.16150000e+00  1.34682865e+09 
 2.16480000e+00  1.00889317e+08  2.16480000e+00  2.35262997e+08  2.16480000e+00  1.35014955e+09 
 2.16810000e+00  1.01096842e+08  2.16810000e+00  2.35841339e+08  2.16810000e+00  1.35321934e+09 
 2.17140000e+00  1.01304617e+08  2.17140000e+00  2.36420271e+08  2.17140000e+00  1.35637041e+09 
 2.17470000e+00  1.01512641e+08  2.17470000e+00  2.36999792e+08  2.17470000e+00  1.35970452e+09 
 2.17800000e+00  1.01720914e+08  2.17800000e+00  2.37579895e+08  2.17800000e+00  1.36276811e+09 
 2.18130000e+00  1.01929435e+08  2.18130000e+00  2.38160576e+08  2.18130000e+00  1.36600797e+09 
 2.18460000e+00  1.02138204e+08  2.18460000e+00  2.38741832e+08  2.18460000e+00  1.36931702e+09 
 2.18790000e+00  1.02347220e+08  2.18790000e+00  2.39323658e+08  2.18790000e+00  1.37249218e+09 
 2.19120000e+00  1.02556483e+08  2.19120000e+00  2.39906048e+08  2.19120000e+00  1.37570481e+09 
 2.19450000e+00  1.02765994e+08  2.19450000e+00  2.40488999e+08  2.19450000e+00  1.37895778e+09 
 2.19780000e+00  1.02975750e+08  2.19780000e+00  2.41072505e+08  2.19780000e+00  1.38222744e+09 
 2.20110000e+00  1.03185752e+08  2.20110000e+00  2.41656561e+08  2.20110000e+00  1.38545928e+09 
 2.20440000e+00  1.03395999e+08  2.20440000e+00  2.42241162e+08  2.20440000e+00  1.38868964e+09 
 2.20770000e+00  1.03606491e+08  2.20770000e+00  2.42826303e+08  2.20770000e+00  1.39180960e+09 
 2.21100000e+00  1.03817227e+08  2.21100000e+00  2.43411978e+08  2.21100000e+00  1.39500113e+09 
 2.21430000e+00  1.04028206e+08  2.21430000e+00  2.43998182e+08  2.21430000e+00  1.39833730e+09 
 2.21760000e+00  1.04239429e+08  2.21760000e+00  2.44584908e+08  2.21760000e+00  1.40166856e+09 
 2.22090000e+00  1.04450894e+08  2.22090000e+00  2.45172152e+08  2.22090000e+00  1.40486609e+09 
 2.22420000e+00  1.04662600e+08  2.22420000e+00  2.45759907e+08  2.22420000e+00  1.40786951e+09 
 2.22750000e+00  1.04874547e+08  2.22750000e+00  2.46348166e+08  2.22750000e+00  1.41113709e+09 
 2.23080000e+00  1.05086735e+08  2.23080000e+00  2.46936924e+08  2.23080000e+00  1.41456341e+09 
 2.23410000e+00  1.05299163e+08  2.23410000e+00  2.47526174e+08  2.23410000e+00  1.41771113e+09 
 2.23740000e+00  1.05511829e+08  2.23740000e+00  2.48115910e+08  2.23740000e+00  1.42097902e+09 
 2.24070000e+00  1.05724734e+08  2.24070000e+00  2.48706124e+08  2.24070000e+00  1.42435145e+09 
 2.24400000e+00  1.05937876e+08  2.24400000e+00  2.49296810e+08  2.24400000e+00  1.42755261e+09 
 2.24730000e+00  1.06151254e+08  2.24730000e+00  2.49887961e+08  2.24730000e+00  1.43075137e+09 
 2.25060000e+00  1.06364869e+08  2.25060000e+00  2.50479569e+08  2.25060000e+00  1.43394519e+09 
 2.25390000e+00  1.06578718e+08  2.25390000e+00  2.51071626e+08  2.25390000e+00  1.43722576e+09 
 2.25720000e+00  1.06792801e+08  2.25720000e+00  2.51664125e+08  2.25720000e+00  1.44045461e+09 
 2.26050000e+00  1.07007117e+08  2.26050000e+00  2.52257059e+08  2.26050000e+00  1.44378192e+09 
 2.26380000e+00  1.07221666e+08  2.26380000e+00  2.52850419e+08  2.26380000e+00  1.44712275e+09 
 2.26710000e+00  1.07436445e+08  2.26710000e+00  2.53444196e+08  2.26710000e+00  1.45023813e+09 
 2.27040000e+00  1.07651455e+08  2.27040000e+00  2.54038383e+08  2.27040000e+00  1.45344712e+09 
 2.27370000e+00  1.07866694e+08  2.27370000e+00  2.54632971e+08  2.27370000e+00  1.45673341e+09 
 2.27700000e+00  1.08082161e+08  2.27700000e+00  2.55227951e+08  2.27700000e+00  1.46009772e+09 
 2.28030000e+00  1.08297854e+08  2.28030000e+00  2.55823313e+08  2.28030000e+00  1.46324222e+09 
 2.28360000e+00  1.08513774e+08  2.28360000e+00  2.56419049e+08  2.28360000e+00  1.46652995e+09 
 2.28690000e+00  1.08729918e+08  2.28690000e+00  2.57015149e+08  2.28690000e+00  1.46993771e+09 
 2.29020000e+00  1.08946286e+08  2.29020000e+00  2.57611603e+08  2.29020000e+00  1.47306908e+09 
 2.29350000e+00  1.09162876e+08  2.29350000e+00  2.58208401e+08  2.29350000e+00  1.47628434e+09 
 2.29680000e+00  1.09379687e+08  2.29680000e+00  2.58805533e+08  2.29680000e+00  1.47965177e+09 
 2.30010000e+00  1.09596718e+08  2.30010000e+00  2.59402989e+08  2.30010000e+00  1.48277182e+09 
 2.30340000e+00  1.09813967e+08  2.30340000e+00  2.60000758e+08  2.30340000e+00  1.48593455e+09 
 2.30670000e+00  1.10031432e+08  2.30670000e+00  2.60598829e+08  2.30670000e+00  1.48926664e+09 
 2.31000000e+00  1.10249114e+08  2.31000000e+00  2.61197190e+08  2.31000000e+00  1.49253289e+09 
 2.31330000e+00  1.10467009e+08  2.31330000e+00  2.61795830e+08  2.31330000e+00  1.49580679e+09 
 2.31660000e+00  1.10685117e+08  2.31660000e+00  2.62394738e+08  2.31660000e+00  1.49908952e+09 
 2.31990000e+00  1.10903435e+08  2.31990000e+00  2.62993902e+08  2.31990000e+00  1.50238181e+09 
 2.32320000e+00  1.11121963e+08  2.32320000e+00  2.63593309e+08  2.32320000e+00  1.50558052e+09 
 2.32650000e+00  1.11340699e+08  2.32650000e+00  2.64192946e+08  2.32650000e+00  1.50872047e+09 
 2.32980000e+00  1.11559641e+08  2.32980000e+00  2.64792801e+08  2.32980000e+00  1.51197703e+09 
 2.33310000e+00  1.11778788e+08  2.33310000e+00  2.65392861e+08  2.33310000e+00  1.51540893e+09 
 2.33640000e+00  1.11998137e+08  2.33640000e+00  2.65993112e+08  2.33640000e+00  1.51860128e+09 
 2.33970000e+00  1.12217686e+08  2.33970000e+00  2.66593540e+08  2.33970000e+00  1.52166194e+09 
 2.34300000e+00  1.12437435e+08  2.34300000e+00  2.67194132e+08  2.34300000e+00  1.52494835e+09 
 2.34630000e+00  1.12657381e+08  2.34630000e+00  2.67794872e+08  2.34630000e+00  1.52819954e+09 
 2.34960000e+00  1.12877522e+08  2.34960000e+00  2.68395747e+08  2.34960000e+00  1.53129760e+09 
 2.35290000e+00  1.13097855e+08  2.35290000e+00  2.68996741e+08  2.35290000e+00  1.53451446e+09 
 2.35620000e+00  1.13318380e+08  2.35620000e+00  2.69597838e+08  2.35620000e+00  1.53779591e+09 
 2.35950000e+00  1.13539094e+08  2.35950000e+00  2.70199024e+08  2.35950000e+00  1.54112187e+09 
 2.36280000e+00  1.13759995e+08  2.36280000e+00  2.70800282e+08  2.36280000e+00  1.54427436e+09 
 2.36610000e+00  1.13981080e+08  2.36610000e+00  2.71401595e+08  2.36610000e+00  1.54733786e+09 
 2.36940000e+00  1.14202347e+08  2.36940000e+00  2.72002947e+08  2.36940000e+00  1.55059700e+09 
 2.37270000e+00  1.14423794e+08  2.37270000e+00  2.72604321e+08  2.37270000e+00  1.55380749e+09 
 2.37600000e+00  1.14645419e+08  2.37600000e+00  2.73205698e+08  2.37600000e+00  1.55706308e+09 
 2.37930000e+00  1.14867219e+08  2.37930000e+00  2.73807062e+08  2.37930000e+00  1.56010831e+09 
 2.38260000e+00  1.15089192e+08  2.38260000e+00  2.74408394e+08  2.38260000e+00  1.56307426e+09 
 2.38590000e+00  1.15311334e+08  2.38590000e+00  2.75009675e+08  2.38590000e+00  1.56645756e+09 
 2.38920000e+00  1.15533644e+08  2.38920000e+00  2.75610886e+08  2.38920000e+00  1.56977141e+09 
 2.39250000e+00  1.15756119e+08  2.39250000e+00  2.76212008e+08  2.39250000e+00  1.57284864e+09 
 2.39580000e+00  1.15978756e+08  2.39580000e+00  2.76813020e+08  2.39580000e+00  1.57588420e+09 
 2.39910000e+00  1.16201552e+08  2.39910000e+00  2.77413903e+08  2.39910000e+00  1.57899530e+09 
 2.40240000e+00  1.16424504e+08  2.40240000e+00  2.78014635e+08  2.40240000e+00  1.58219841e+09 
 2.40570000e+00  1.16647610e+08  2.40570000e+00  2.78615196e+08  2.40570000e+00  1.58529665e+09 
 2.40900000e+00  1.16870866e+08  2.40900000e+00  2.79215563e+08  2.40900000e+00  1.58830261e+09 
 2.41230000e+00  1.17094269e+08  2.41230000e+00  2.79815715e+08  2.41230000e+00  1.59155901e+09 
 2.41560000e+00  1.17317816e+08  2.41560000e+00  2.80415629e+08  2.41560000e+00  1.59464513e+09 
 2.41890000e+00  1.17541504e+08  2.41890000e+00  2.81015282e+08  2.41890000e+00  1.59753554e+09 
 2.42220000e+00  1.17765330e+08  2.42220000e+00  2.81614650e+08  2.42220000e+00  1.60066416e+09 
 2.42550000e+00  1.17989289e+08  2.42550000e+00  2.82213709e+08  2.42550000e+00  1.60386212e+09 
 2.42880000e+00  1.18213380e+08  2.42880000e+00  2.82812436e+08  2.42880000e+00  1.60675558e+09 
 2.43210000e+00  1.18437597e+08  2.43210000e+00  2.83410804e+08  2.43210000e+00  1.60972312e+09 
 2.43540000e+00  1.18661939e+08  2.43540000e+00  2.84008789e+08  2.43540000e+00  1.61288425e+09 
 2.43870000e+00  1.18886400e+08  2.43870000e+00  2.84606365e+08  2.43870000e+00  1.61579964e+09 
 2.44200000e+00  1.19110977e+08  2.44200000e+00  2.85203504e+08  2.44200000e+00  1.61887037e+09 
 2.44530000e+00  1.19335666e+08  2.44530000e+00  2.85800180e+08  2.44530000e+00  1.62178967e+09 
 2.44860000e+00  1.19560464e+08  2.44860000e+00  2.86396366e+08  2.44860000e+00  1.62474249e+09 
 2.45190000e+00  1.19785366e+08  2.45190000e+00  2.86992032e+08  2.45190000e+00  1.62780654e+09 
 2.45520000e+00  1.20010368e+08  2.45520000e+00  2.87587151e+08  2.45520000e+00  1.63057494e+09 
 2.45850000e+00  1.20235465e+08  2.45850000e+00  2.88181693e+08  2.45850000e+00  1.63346845e+09 
 2.46180000e+00  1.20460655e+08  2.46180000e+00  2.88775628e+08  2.46180000e+00  1.63647968e+09 
 2.46510000e+00  1.20685932e+08  2.46510000e+00  2.89368927e+08  2.46510000e+00  1.63929805e+09 
 2.46840000e+00  1.20911291e+08  2.46840000e+00  2.89961557e+08  2.46840000e+00  1.64210763e+09 
 2.47170000e+00  1.21136729e+08  2.47170000e+00  2.90553487e+08  2.47170000e+00  1.64510589e+09 
 2.47500000e+00  1.21362240e+08  2.47500000e+00  2.91144686e+08  2.47500000e+00  1.64796429e+09 
 2.47830000e+00  1.21587820e+08  2.47830000e+00  2.91735120e+08  2.47830000e+00  1.65069917e+09 
 2.48160000e+00  1.21813464e+08  2.48160000e+00  2.92324755e+08  2.48160000e+00  1.65344732e+09 
 2.48490000e+00  1.22039167e+08  2.48490000e+00  2.92913558e+08  2.48490000e+00  1.65633128e+09 
 2.48820000e+00  1.22264924e+08  2.48820000e+00  2.93501494e+08  2.48820000e+00  1.65906693e+09 
 2.49150000e+00  1.22490729e+08  2.49150000e+00  2.94088528e+08  2.49150000e+00  1.66162615e+09 
 2.49480000e+00  1.22716577e+08  2.49480000e+00  2.94674624e+08  2.49480000e+00  1.66441040e+09 
 2.49810000e+00  1.22942464e+08  2.49810000e+00  2.95259744e+08  2.49810000e+00  1.66721625e+09 
 2.50140000e+00  1.23168383e+08  2.50140000e+00  2.95843852e+08  2.50140000e+00  1.66987283e+09 
 2.50470000e+00  1.23394329e+08  2.50470000e+00  2.96426910e+08  2.50470000e+00  1.67236258e+09 
 2.50800000e+00  1.23620295e+08  2.50800000e+00  2.97008879e+08  2.50800000e+00  1.67478064e+09 
 2.51130000e+00  1.23846278e+08  2.51130000e+00  2.97589719e+08  2.51130000e+00  1.67760136e+09 
 2.51460000e+00  1.24072269e+08  2.51460000e+00  2.98169390e+08  2.51460000e+00  1.68041753e+09 
 2.51790000e+00  1.24298264e+08  2.51790000e+00  2.98747852e+08  2.51790000e+00  1.68268005e+09 
 2.52120000e+00  1.24524256e+08  2.52120000e+00  2.99325063e+08  2.52120000e+00  1.68514720e+09 
 2.52450000e+00  1.24750238e+08  2.52450000e+00  2.99900980e+08  2.52450000e+00  1.68769582e+09 
 2.52780000e+00  1.24976205e+08  2.52780000e+00  3.00475561e+08  2.52780000e+00  1.69001143e+09 
 2.53110000e+00  1.25202150e+08  2.53110000e+00  3.01048762e+08  2.53110000e+00  1.69254097e+09 
 2.53440000e+00  1.25428065e+08  2.53440000e+00  3.01620538e+08  2.53440000e+00  1.69508371e+09 
 2.53770000e+00  1.25653945e+08  2.53770000e+00  3.02190845e+08  2.53770000e+00  1.69721721e+09 
 2.54100000e+00  1.25879782e+08  2.54100000e+00  3.02759635e+08  2.54100000e+00  1.69947706e+09 
 2.54430000e+00  1.26105569e+08  2.54430000e+00  3.03326862e+08  2.54430000e+00  1.70187399e+09 
 2.54760000e+00  1.26331299e+08  2.54760000e+00  3.03892479e+08  2.54760000e+00  1.70412378e+09 
 2.55090000e+00  1.26556965e+08  2.55090000e+00  3.04456437e+08  2.55090000e+00  1.70630914e+09 
 2.55420000e+00  1.26782559e+08  2.55420000e+00  3.05018686e+08  2.55420000e+00  1.70858988e+09 
 2.55750000e+00  1.27008073e+08  2.55750000e+00  3.05579178e+08  2.55750000e+00  1.71072778e+09 
 2.56080000e+00  1.27233500e+08  2.56080000e+00  3.06137860e+08  2.56080000e+00  1.71263652e+09 
 2.56410000e+00  1.27458832e+08  2.56410000e+00  3.06694682e+08  2.56410000e+00  1.71483834e+09 
 2.56740000e+00  1.27684060e+08  2.56740000e+00  3.07249590e+08  2.56740000e+00  1.71695612e+09 
 2.57070000e+00  1.27909177e+08  2.57070000e+00  3.07802532e+08  2.57070000e+00  1.71899107e+09 
 2.57400000e+00  1.28134175e+08  2.57400000e+00  3.08353453e+08  2.57400000e+00  1.72085561e+09 
 2.57730000e+00  1.28359043e+08  2.57730000e+00  3.08902298e+08  2.57730000e+00  1.72263742e+09 
 2.58060000e+00  1.28583775e+08  2.58060000e+00  3.09449011e+08  2.58060000e+00  1.72466170e+09 
 2.58390000e+00  1.28808361e+08  2.58390000e+00  3.09993536e+08  2.58390000e+00  1.72633799e+09 
 2.58720000e+00  1.29032792e+08  2.58720000e+00  3.10535815e+08  2.58720000e+00  1.72814981e+09 
 2.59050000e+00  1.29257059e+08  2.59050000e+00  3.11075789e+08  2.59050000e+00  1.72995984e+09 
 2.59380000e+00  1.29481153e+08  2.59380000e+00  3.11613398e+08  2.59380000e+00  1.73150427e+09 
 2.59710000e+00  1.29705064e+08  2.59710000e+00  3.12148584e+08  2.59710000e+00  1.73312100e+09 
 2.60040000e+00  1.29928782e+08  2.60040000e+00  3.12681284e+08  2.60040000e+00  1.73478132e+09 
 2.60370000e+00  1.30152299e+08  2.60370000e+00  3.13211437e+08  2.60370000e+00  1.73641845e+09 
 2.60700000e+00  1.30375603e+08  2.60700000e+00  3.13738978e+08  2.60700000e+00  1.73788061e+09 
 2.61030000e+00  1.30598685e+08  2.61030000e+00  3.14263846e+08  2.61030000e+00  1.73923671e+09 
 2.61360000e+00  1.30821535e+08  2.61360000e+00  3.14785974e+08  2.61360000e+00  1.74042906e+09 
 2.61690000e+00  1.31044141e+08  2.61690000e+00  3.15305297e+08  2.61690000e+00  1.74184041e+09 
 2.62020000e+00  1.31266494e+08  2.62020000e+00  3.15821748e+08  2.62020000e+00  1.74325615e+09 
 2.62350000e+00  1.31488582e+08  2.62350000e+00  3.16335261e+08  2.62350000e+00  1.74436322e+09 
 2.62680000e+00  1.31710394e+08  2.62680000e+00  3.16845765e+08  2.62680000e+00  1.74528983e+09 
 2.63010000e+00  1.31931919e+08  2.63010000e+00  3.17353193e+08  2.63010000e+00  1.74672400e+09 
 2.63340000e+00  1.32153147e+08  2.63340000e+00  3.17857473e+08  2.63340000e+00  1.74786984e+09 
 2.63670000e+00  1.32374064e+08  2.63670000e+00  3.18358535e+08  2.63670000e+00  1.74849821e+09 
 2.64000000e+00  1.32594660e+08  2.64000000e+00  3.18856305e+08  2.64000000e+00  1.74927833e+09 
 2.64330000e+00  1.32814923e+08  2.64330000e+00  3.19350712e+08  2.64330000e+00  1.75032618e+09 
 2.64660000e+00  1.33034839e+08  2.64660000e+00  3.19841681e+08  2.64660000e+00  1.75110198e+09 
 2.64990000e+00  1.33254398e+08  2.64990000e+00  3.20329137e+08  2.64990000e+00  1.75172007e+09 
 2.65320000e+00  1.33473586e+08  2.65320000e+00  3.20813003e+08  2.65320000e+00  1.75253883e+09 
 2.65650000e+00  1.33692391e+08  2.65650000e+00  3.21293204e+08  2.65650000e+00  1.75300603e+09 
 2.65980000e+00  1.33910799e+08  2.65980000e+00  3.21769662e+08  2.65980000e+00  1.75338361e+09 
 2.66310000e+00  1.34128798e+08  2.66310000e+00  3.22242297e+08  2.66310000e+00  1.75388268e+09 
 2.66640000e+00  1.34346374e+08  2.66640000e+00  3.22711030e+08  2.66640000e+00  1.75440676e+09 
 2.66970000e+00  1.34563514e+08  2.66970000e+00  3.23175779e+08  2.66970000e+00  1.75455973e+09 
 2.67300000e+00  1.34780203e+08  2.67300000e+00  3.23636465e+08  2.67300000e+00  1.75484741e+09 
 2.67630000e+00  1.34996428e+08  2.67630000e+00  3.24093005e+08  2.67630000e+00  1.75494463e+09 
 2.67960000e+00  1.35212175e+08  2.67960000e+00  3.24545315e+08  2.67960000e+00  1.75490085e+09 
 2.68290000e+00  1.35427429e+08  2.68290000e+00  3.24993310e+08  2.68290000e+00  1.75482524e+09 
 2.68620000e+00  1.35642176e+08  2.68620000e+00  3.25436906e+08  2.68620000e+00  1.75484706e+09 
 2.68950000e+00  1.35856401e+08  2.68950000e+00  3.25876016e+08  2.68950000e+00  1.75479705e+09 
 2.69280000e+00  1.36070088e+08  2.69280000e+00  3.26310554e+08  2.69280000e+00  1.75426003e+09 
 2.69610000e+00  1.36283222e+08  2.69610000e+00  3.26740432e+08  2.69610000e+00  1.75403437e+09 
 2.69940000e+00  1.36495789e+08  2.69940000e+00  3.27165560e+08  2.69940000e+00  1.75363109e+09 
 2.70270000e+00  1.36707771e+08  2.70270000e+00  3.27585850e+08  2.70270000e+00  1.75319132e+09 
 2.70600000e+00  1.36919154e+08  2.70600000e+00  3.28001212e+08  2.70600000e+00  1.75262467e+09 
 2.70930000e+00  1.37129920e+08  2.70930000e+00  3.28411553e+08  2.70930000e+00  1.75177234e+09 
 2.71260000e+00  1.37340054e+08  2.71260000e+00  3.28816780e+08  2.71260000e+00  1.75102534e+09 
 2.71590000e+00  1.37549539e+08  2.71590000e+00  3.29216803e+08  2.71590000e+00  1.75030028e+09 
 2.71920000e+00  1.37758358e+08  2.71920000e+00  3.29611526e+08  2.71920000e+00  1.74914417e+09 
 2.72250000e+00  1.37966494e+08  2.72250000e+00  3.30000856e+08  2.72250000e+00  1.74810281e+09 
 2.72580000e+00  1.38173930e+08  2.72580000e+00  3.30384696e+08  2.72580000e+00  1.74722589e+09 
 2.72910000e+00  1.38380647e+08  2.72910000e+00  3.30762951e+08  2.72910000e+00  1.74586046e+09 
 2.73240000e+00  1.38586628e+08  2.73240000e+00  3.31135523e+08  2.73240000e+00  1.74459488e+09 
 2.73570000e+00  1.38791856e+08  2.73570000e+00  3.31502315e+08  2.73570000e+00  1.74317274e+09 
 2.73900000e+00  1.38996311e+08  2.73900000e+00  3.31863228e+08  2.73900000e+00  1.74155289e+09 
 2.74230000e+00  1.39199975e+08  2.74230000e+00  3.32218164e+08  2.74230000e+00  1.73985533e+09 
 2.74560000e+00  1.39402829e+08  2.74560000e+00  3.32567023e+08  2.74560000e+00  1.73826870e+09 
 2.74890000e+00  1.39604855e+08  2.74890000e+00  3.32909703e+08  2.74890000e+00  1.73664098e+09 
 2.75220000e+00  1.39806033e+08  2.75220000e+00  3.33246104e+08  2.75220000e+00  1.73466043e+09 
 2.75550000e+00  1.40006343e+08  2.75550000e+00  3.33576125e+08  2.75550000e+00  1.73242550e+09 
 2.75880000e+00  1.40205766e+08  2.75880000e+00  3.33899662e+08  2.75880000e+00  1.73047666e+09 
 2.76210000e+00  1.40404281e+08  2.76210000e+00  3.34216613e+08  2.76210000e+00  1.72829588e+09 
 2.76540000e+00  1.40601869e+08  2.76540000e+00  3.34526874e+08  2.76540000e+00  1.72576477e+09 
 2.76870000e+00  1.40798509e+08  2.76870000e+00  3.34830340e+08  2.76870000e+00  1.72357295e+09 
 2.77200000e+00  1.40994179e+08  2.77200000e+00  3.35126909e+08  2.77200000e+00  1.72113642e+09 
 2.77530000e+00  1.41188860e+08  2.77530000e+00  3.35416475e+08  2.77530000e+00  1.71844093e+09 
 2.77860000e+00  1.41382529e+08  2.77860000e+00  3.35698930e+08  2.77860000e+00  1.71566585e+09 
 2.78190000e+00  1.41575166e+08  2.78190000e+00  3.35974171e+08  2.78190000e+00  1.71271296e+09 
 2.78520000e+00  1.41766748e+08  2.78520000e+00  3.36242090e+08  2.78520000e+00  1.70973601e+09 
 2.78850000e+00  1.41957253e+08  2.78850000e+00  3.36502581e+08  2.78850000e+00  1.70685690e+09 
 2.79180000e+00  1.42146659e+08  2.79180000e+00  3.36755536e+08  2.79180000e+00  1.70366325e+09 
 2.79510000e+00  1.42334944e+08  2.79510000e+00  3.37000849e+08  2.79510000e+00  1.70031004e+09 
 2.79840000e+00  1.42522084e+08  2.79840000e+00  3.37238411e+08  2.79840000e+00  1.69695194e+09 
 2.80170000e+00  1.42708058e+08  2.80170000e+00  3.37468115e+08  2.80170000e+00  1.69354369e+09 
 2.80500000e+00  1.42892840e+08  2.80500000e+00  3.37689853e+08  2.80500000e+00  1.69001250e+09 
 2.80830000e+00  1.43076408e+08  2.80830000e+00  3.37903514e+08  2.80830000e+00  1.68626169e+09 
 2.81160000e+00  1.43258739e+08  2.81160000e+00  3.38108994e+08  2.81160000e+00  1.68250206e+09 
 2.81490000e+00  1.43439807e+08  2.81490000e+00  3.38306181e+08  2.81490000e+00  1.67852155e+09 
 2.81820000e+00  1.43619589e+08  2.81820000e+00  3.38494968e+08  2.81820000e+00  1.67436047e+09 
 2.82150000e+00  1.43798060e+08  2.82150000e+00  3.38675246e+08  2.82150000e+00  1.67035653e+09 
 2.82480000e+00  1.43975195e+08  2.82480000e+00  3.38846906e+08  2.82480000e+00  1.66617166e+09 
 2.82810000e+00  1.44150970e+08  2.82810000e+00  3.39009840e+08  2.82810000e+00  1.66167980e+09 
 2.83140000e+00  1.44325358e+08  2.83140000e+00  3.39163939e+08  2.83140000e+00  1.65718160e+09 
 2.83470000e+00  1.44498335e+08  2.83470000e+00  3.39309096e+08  2.83470000e+00  1.65271949e+09 
 2.83800000e+00  1.44669875e+08  2.83800000e+00  3.39445202e+08  2.83800000e+00  1.64816059e+09 
 2.84130000e+00  1.44839951e+08  2.84130000e+00  3.39572149e+08  2.84130000e+00  1.64312955e+09 
 2.84460000e+00  1.45008537e+08  2.84460000e+00  3.39689831e+08  2.84460000e+00  1.63819406e+09 
 2.84790000e+00  1.45175607e+08  2.84790000e+00  3.39798138e+08  2.84790000e+00  1.63338722e+09 
 2.85120000e+00  1.45341134e+08  2.85120000e+00  3.39896966e+08  2.85120000e+00  1.62833990e+09 
 2.85450000e+00  1.45505092e+08  2.85450000e+00  3.39986207e+08  2.85450000e+00  1.62286820e+09 
 2.85780000e+00  1.45667452e+08  2.85780000e+00  3.40065756e+08  2.85780000e+00  1.61741148e+09 
 2.86110000e+00  1.45828187e+08  2.86110000e+00  3.40135508e+08  2.86110000e+00  1.61221579e+09 
 2.86440000e+00  1.45987271e+08  2.86440000e+00  3.40195357e+08  2.86440000e+00  1.60668033e+09 
 2.86770000e+00  1.46144674e+08  2.86770000e+00  3.40245199e+08  2.86770000e+00  1.60096271e+09 
 2.87100000e+00  1.46300368e+08  2.87100000e+00  3.40284932e+08  2.87100000e+00  1.59525466e+09 
 2.87430000e+00  1.46454326e+08  2.87430000e+00  3.40314453e+08  2.87430000e+00  1.58933300e+09 
 2.87760000e+00  1.46606519e+08  2.87760000e+00  3.40333659e+08  2.87760000e+00  1.58334137e+09 
 2.88090000e+00  1.46756918e+08  2.88090000e+00  3.40342450e+08  2.88090000e+00  1.57749232e+09 
 2.88420000e+00  1.46905494e+08  2.88420000e+00  3.40340726e+08  2.88420000e+00  1.57114091e+09 
 2.88750000e+00  1.47052218e+08  2.88750000e+00  3.40328387e+08  2.88750000e+00  1.56475941e+09 
 2.89080000e+00  1.47197060e+08  2.89080000e+00  3.40305337e+08  2.89080000e+00  1.55852059e+09 
 2.89410000e+00  1.47339991e+08  2.89410000e+00  3.40271476e+08  2.89410000e+00  1.55222748e+09 
 2.89740000e+00  1.47480981e+08  2.89740000e+00  3.40226711e+08  2.89740000e+00  1.54559425e+09 
 2.90070000e+00  1.47620000e+08  2.90070000e+00  3.40170947e+08  2.90070000e+00  1.53881054e+09 
 2.90400000e+00  1.47757018e+08  2.90400000e+00  3.40104089e+08  2.90400000e+00  1.53222110e+09 
 2.90730000e+00  1.47892005e+08  2.90730000e+00  3.40026046e+08  2.90730000e+00  1.52527738e+09 
 2.91060000e+00  1.48024929e+08  2.91060000e+00  3.39936728e+08  2.91060000e+00  1.51827738e+09 
 2.91390000e+00  1.48155761e+08  2.91390000e+00  3.39836045e+08  2.91390000e+00  1.51135409e+09 
 2.91720000e+00  1.48284469e+08  2.91720000e+00  3.39723911e+08  2.91720000e+00  1.50423940e+09 
 2.92050000e+00  1.48411022e+08  2.92050000e+00  3.39600238e+08  2.92050000e+00  1.49703212e+09 
 2.92380000e+00  1.48535389e+08  2.92380000e+00  3.39464942e+08  2.92380000e+00  1.48976723e+09 
 2.92710000e+00  1.48657540e+08  2.92710000e+00  3.39317940e+08  2.92710000e+00  1.48239746e+09 
 2.93040000e+00  1.48777441e+08  2.93040000e+00  3.39159152e+08  2.93040000e+00  1.47506422e+09 
 2.93370000e+00  1.48895063e+08  2.93370000e+00  3.38988499e+08  2.93370000e+00  1.46742200e+09 
 2.93700000e+00  1.49010372e+08  2.93700000e+00  3.38805903e+08  2.93700000e+00  1.45985793e+09 
 2.94030000e+00  1.49123337e+08  2.94030000e+00  3.38611289e+08  2.94030000e+00  1.45220098e+09 
 2.94360000e+00  1.49233926e+08  2.94360000e+00  3.38404583e+08  2.94360000e+00  1.44427795e+09 
 2.94690000e+00  1.49342106e+08  2.94690000e+00  3.38185715e+08  2.94690000e+00  1.43663275e+09 
 2.95020000e+00  1.49447847e+08  2.95020000e+00  3.37954614e+08  2.95020000e+00  1.42871806e+09 
 2.95350000e+00  1.49551114e+08  2.95350000e+00  3.37711215e+08  2.95350000e+00  1.42064710e+09 
 2.95680000e+00  1.49651877e+08  2.95680000e+00  3.37455453e+08  2.95680000e+00  1.41278632e+09 
 2.96010000e+00  1.49750102e+08  2.96010000e+00  3.37187265e+08  2.96010000e+00  1.40456471e+09 
 2.96340000e+00  1.49845756e+08  2.96340000e+00  3.36906590e+08  2.96340000e+00  1.39624804e+09 
 2.96670000e+00  1.49938807e+08  2.96670000e+00  3.36613372e+08  2.96670000e+00  1.38824983e+09 
 2.97000000e+00  1.50029223e+08  2.97000000e+00  3.36307555e+08  2.97000000e+00  1.37997573e+09 
 2.97330000e+00  1.50116970e+08  2.97330000e+00  3.35989087e+08  2.97330000e+00  1.37150613e+09 
 2.97660000e+00  1.50202016e+08  2.97660000e+00  3.35657917e+08  2.97660000e+00  1.36307545e+09 
 2.97990000e+00  1.50284328e+08  2.97990000e+00  3.35313999e+08  2.97990000e+00  1.35462207e+09 
 2.98320000e+00  1.50363872e+08  2.98320000e+00  3.34957288e+08  2.98320000e+00  1.34617276e+09 
 2.98650000e+00  1.50440617e+08  2.98650000e+00  3.34587741e+08  2.98650000e+00  1.33764474e+09 
 2.98980000e+00  1.50514528e+08  2.98980000e+00  3.34205321e+08  2.98980000e+00  1.32903545e+09 
 2.99310000e+00  1.50585574e+08  2.99310000e+00  3.33809989e+08  2.99310000e+00  1.32026942e+09 
 2.99640000e+00  1.50653721e+08  2.99640000e+00  3.33401713e+08  2.99640000e+00  1.31158797e+09 
 2.99970000e+00  1.50718937e+08  2.99970000e+00  3.32980464e+08  2.99970000e+00  1.30292015e+09 
 3.00300000e+00  1.50781188e+08  3.00300000e+00  3.32546213e+08  3.00300000e+00  1.29417409e+09 
 3.00630000e+00  1.50840442e+08  3.00630000e+00  3.32098936e+08  3.00630000e+00  1.28543278e+09 
 3.00960000e+00  1.50896666e+08  3.00960000e+00  3.31638612e+08  3.00960000e+00  1.27651093e+09 
 3.01290000e+00  1.50949827e+08  3.01290000e+00  3.31165223e+08  3.01290000e+00  1.26763383e+09 
 3.01620000e+00  1.50999893e+08  3.01620000e+00  3.30678754e+08  3.01620000e+00  1.25884876e+09 
 3.01950000e+00  1.51046832e+08  3.01950000e+00  3.30179194e+08  3.01950000e+00  1.24984961e+09 
 3.02280000e+00  1.51090610e+08  3.02280000e+00  3.29666533e+08  3.02280000e+00  1.24077311e+09 
 3.02610000e+00  1.51131195e+08  3.02610000e+00  3.29140768e+08  3.02610000e+00  1.23183074e+09 
 3.02940000e+00  1.51168556e+08  3.02940000e+00  3.28601895e+08  3.02940000e+00  1.22290739e+09 
 3.03270000e+00  1.51202659e+08  3.03270000e+00  3.28049918e+08  3.03270000e+00  1.21392956e+09 
 3.03600000e+00  1.51233475e+08  3.03600000e+00  3.27484841e+08  3.03600000e+00  1.20484456e+09 
 3.03930000e+00  1.51260969e+08  3.03930000e+00  3.26906671e+08  3.03930000e+00  1.19575405e+09 
 3.04260000e+00  1.51285112e+08  3.04260000e+00  3.26315423e+08  3.04260000e+00  1.18675165e+09 
 3.04590000e+00  1.51305870e+08  3.04590000e+00  3.25711110e+08  3.04590000e+00  1.17766139e+09 
 3.04920000e+00  1.51323215e+08  3.04920000e+00  3.25093751e+08  3.04920000e+00  1.16857944e+09 
 3.05250000e+00  1.51337113e+08  3.05250000e+00  3.24463370e+08  3.05250000e+00  1.15945472e+09 
 3.05580000e+00  1.51347535e+08  3.05580000e+00  3.23819992e+08  3.05580000e+00  1.15037810e+09 
 3.05910000e+00  1.51354449e+08  3.05910000e+00  3.23163647e+08  3.05910000e+00  1.14133883e+09 
 3.06240000e+00  1.51357826e+08  3.06240000e+00  3.22494367e+08  3.06240000e+00  1.13228786e+09 
 3.06570000e+00  1.51357636e+08  3.06570000e+00  3.21812190e+08  3.06570000e+00  1.12315208e+09 
 3.06900000e+00  1.51353848e+08  3.06900000e+00  3.21117156e+08  3.06900000e+00  1.11401362e+09 
 3.07230000e+00  1.51346433e+08  3.07230000e+00  3.20409309e+08  3.07230000e+00  1.10493570e+09 
 3.07560000e+00  1.51335362e+08  3.07560000e+00  3.19688696e+08  3.07560000e+00  1.09583097e+09 
 3.07890000e+00  1.51320607e+08  3.07890000e+00  3.18955369e+08  3.07890000e+00  1.08687170e+09 
 3.08220000e+00  1.51302137e+08  3.08220000e+00  3.18209381e+08  3.08220000e+00  1.07781274e+09 
 3.08550000e+00  1.51279926e+08  3.08550000e+00  3.17450793e+08  3.08550000e+00  1.06871950e+09 
 3.08880000e+00  1.51253946e+08  3.08880000e+00  3.16679665e+08  3.08880000e+00  1.05971206e+09 
 3.09210000e+00  1.51224168e+08  3.09210000e+00  3.15896064e+08  3.09210000e+00  1.05065234e+09 
 3.09540000e+00  1.51190566e+08  3.09540000e+00  3.15100058e+08  3.09540000e+00  1.04165650e+09 
 3.09870000e+00  1.51153112e+08  3.09870000e+00  3.14291720e+08  3.09870000e+00  1.03277757e+09 
 3.10200000e+00  1.51111782e+08  3.10200000e+00  3.13471126e+08  3.10200000e+00  1.02379958e+09 
 3.10530000e+00  1.51066548e+08  3.10530000e+00  3.12638357e+08  3.10530000e+00  1.01487429e+09 
 3.10860000e+00  1.51017386e+08  3.10860000e+00  3.11793496e+08  3.10860000e+00  1.00598858e+09 
 3.11190000e+00  1.50964270e+08  3.11190000e+00  3.10936629e+08  3.11190000e+00  9.97082630e+08 
 3.11520000e+00  1.50907176e+08  3.11520000e+00  3.10067847e+08  3.11520000e+00  9.88251190e+08 
 3.11850000e+00  1.50846079e+08  3.11850000e+00  3.09187244e+08  3.11850000e+00  9.79428520e+08 
 3.12180000e+00  1.50780957e+08  3.12180000e+00  3.08294917e+08  3.12180000e+00  9.70608844e+08 
 3.12510000e+00  1.50711786e+08  3.12510000e+00  3.07390966e+08  3.12510000e+00  9.61890897e+08 
 3.12840000e+00  1.50638543e+08  3.12840000e+00  3.06475496e+08  3.12840000e+00  9.53201767e+08 
 3.13170000e+00  1.50561207e+08  3.13170000e+00  3.05548614e+08  3.13170000e+00  9.44452434e+08 
 3.13500000e+00  1.50479757e+08  3.13500000e+00  3.04610429e+08  3.13500000e+00  9.35845266e+08 
 3.13830000e+00  1.50394170e+08  3.13830000e+00  3.03661057e+08  3.13830000e+00  9.27322708e+08 
 3.14160000e+00  1.50304428e+08  3.14160000e+00  3.02700614e+08  3.14160000e+00  9.18646684e+08 
 3.14490000e+00  1.50210510e+08  3.14490000e+00  3.01729219e+08  3.14490000e+00  9.10068027e+08 
 3.14820000e+00  1.50112397e+08  3.14820000e+00  3.00746997e+08  3.14820000e+00  9.01654608e+08 
 3.15150000e+00  1.50010072e+08  3.15150000e+00  2.99754072e+08  3.15150000e+00  8.93226868e+08 
 3.15480000e+00  1.49903515e+08  3.15480000e+00  2.98750575e+08  3.15480000e+00  8.84832156e+08 
 3.15810000e+00  1.49792710e+08  3.15810000e+00  2.97736637e+08  3.15810000e+00  8.76416323e+08 
 3.16140000e+00  1.49677640e+08  3.16140000e+00  2.96712394e+08  3.16140000e+00  8.68096281e+08 
 3.16470000e+00  1.49558290e+08  3.16470000e+00  2.95677982e+08  3.16470000e+00  8.59817050e+08 
 3.16800000e+00  1.49434644e+08  3.16800000e+00  2.94633543e+08  3.16800000e+00  8.51613094e+08 
 3.17130000e+00  1.49306688e+08  3.17130000e+00  2.93579219e+08  3.17130000e+00  8.43490456e+08 
 3.17460000e+00  1.49174408e+08  3.17460000e+00  2.92515157e+08  3.17460000e+00  8.35327620e+08 
 3.17790000e+00  1.49037791e+08  3.17790000e+00  2.91441504e+08  3.17790000e+00  8.27211464e+08 
 3.18120000e+00  1.48896825e+08  3.18120000e+00  2.90358411e+08  3.18120000e+00  8.19213004e+08 
 3.18450000e+00  1.48751499e+08  3.18450000e+00  2.89266032e+08  3.18450000e+00  8.11248079e+08 
 3.18780000e+00  1.48601801e+08  3.18780000e+00  2.88164521e+08  3.18780000e+00  8.03327683e+08 
 3.19110000e+00  1.48447721e+08  3.19110000e+00  2.87054037e+08  3.19110000e+00  7.95438901e+08 
 3.19440000e+00  1.48289251e+08  3.19440000e+00  2.85934739e+08  3.19440000e+00  7.87641811e+08 
 3.19770000e+00  1.48126381e+08  3.19770000e+00  2.84806789e+08  3.19770000e+00  7.79896573e+08 
 3.20100000e+00  1.47959105e+08  3.20100000e+00  2.83670352e+08  3.20100000e+00  7.72132828e+08 
 3.20430000e+00  1.47787416e+08  3.20430000e+00  2.82525592e+08  3.20430000e+00  7.64492075e+08 
 3.20760000e+00  1.47611306e+08  3.20760000e+00  2.81372679e+08  3.20760000e+00  7.56910216e+08 
 3.21090000e+00  1.47430772e+08  3.21090000e+00  2.80211781e+08  3.21090000e+00  7.49358788e+08 
 3.21420000e+00  1.47245810e+08  3.21420000e+00  2.79043070e+08  3.21420000e+00  7.41871163e+08 
 3.21750000e+00  1.47056414e+08  3.21750000e+00  2.77866719e+08  3.21750000e+00  7.34453631e+08 
 3.22080000e+00  1.46862584e+08  3.22080000e+00  2.76682901e+08  3.22080000e+00  7.27052423e+08 
 3.22410000e+00  1.46664317e+08  3.22410000e+00  2.75491794e+08  3.22410000e+00  7.19734390e+08 
 3.22740000e+00  1.46461612e+08  3.22740000e+00  2.74293573e+08  3.22740000e+00  7.12478917e+08 
 3.23070000e+00  1.46254470e+08  3.23070000e+00  2.73088417e+08  3.23070000e+00  7.05298772e+08 
 3.23400000e+00  1.46042892e+08  3.23400000e+00  2.71876506e+08  3.23400000e+00  6.98153363e+08 
 3.23730000e+00  1.45826878e+08  3.23730000e+00  2.70658021e+08  3.23730000e+00  6.91010873e+08 
 3.24060000e+00  1.45606432e+08  3.24060000e+00  2.69433144e+08  3.24060000e+00  6.84004373e+08 
 3.24390000e+00  1.45381558e+08  3.24390000e+00  2.68202056e+08  3.24390000e+00  6.77068366e+08 
 3.24720000e+00  1.45152260e+08  3.24720000e+00  2.66964942e+08  3.24720000e+00  6.70137185e+08 
 3.25050000e+00  1.44918544e+08  3.25050000e+00  2.65721985e+08  3.25050000e+00  6.63282539e+08 
 3.25380000e+00  1.44680415e+08  3.25380000e+00  2.64473371e+08  3.25380000e+00  6.56491479e+08 
 3.25710000e+00  1.44437882e+08  3.25710000e+00  2.63219284e+08  3.25710000e+00  6.49742871e+08 
 3.26040000e+00  1.44190953e+08  3.26040000e+00  2.61959912e+08  3.26040000e+00  6.43072129e+08 
 3.26370000e+00  1.43939636e+08  3.26370000e+00  2.60695439e+08  3.26370000e+00  6.36450664e+08 
 3.26700000e+00  1.43683942e+08  3.26700000e+00  2.59426053e+08  3.26700000e+00  6.29915431e+08 
 3.27030000e+00  1.43423882e+08  3.27030000e+00  2.58151940e+08  3.27030000e+00  6.23404599e+08 
 3.27360000e+00  1.43159468e+08  3.27360000e+00  2.56873288e+08  3.27360000e+00  6.16951656e+08 
 3.27690000e+00  1.42890713e+08  3.27690000e+00  2.55590283e+08  3.27690000e+00  6.10582141e+08 
 3.28020000e+00  1.42617631e+08  3.28020000e+00  2.54303113e+08  3.28020000e+00  6.04252818e+08 
 3.28350000e+00  1.42340237e+08  3.28350000e+00  2.53011963e+08  3.28350000e+00  5.97986588e+08 
 3.28680000e+00  1.42058546e+08  3.28680000e+00  2.51717022e+08  3.28680000e+00  5.91793443e+08 
 3.29010000e+00  1.41772576e+08  3.29010000e+00  2.50418475e+08  3.29010000e+00  5.85643707e+08 
 3.29340000e+00  1.41482343e+08  3.29340000e+00  2.49116508e+08  3.29340000e+00  5.79536349e+08 
 3.29670000e+00  1.41187866e+08  3.29670000e+00  2.47811307e+08  3.29670000e+00  5.73510700e+08 
 3.30000000e+00  1.40891900e+08  3.30000000e+00  2.46511417e+08  3.30000000e+00  5.67566935e+08 
