 0.00000000e+00  4.24265476e-09 
 3.00000000e-03  3.91585958e-09 
 6.00000000e-03  3.61833405e-09 
 9.00000000e-03  3.34590503e-09 
 1.20000000e-02  3.09549138e-09 
 1.50000000e-02  2.86482166e-09 
 1.80000000e-02  2.65308335e-09 
 2.10000000e-02  2.45848625e-09 
 2.40000000e-02  2.27935083e-09 
 2.70000000e-02  2.11423428e-09 
 3.00000000e-02  1.96186971e-09 
 3.30000000e-02  1.82113749e-09 
 3.60000000e-02  1.69104118e-09 
 3.90000000e-02  1.57068933e-09 
 4.20000000e-02  1.45928102e-09 
 4.50000000e-02  1.35609322e-09 
 4.80000000e-02  1.26047090e-09 
 5.10000000e-02  1.17181882e-09 
 5.40000000e-02  1.08959466e-09 
 5.70000000e-02  1.01330332e-09 
 6.00000000e-02  9.42491904e-10 
 6.30000000e-02  8.76745803e-10 
 6.60000000e-02  8.15684525e-10 
 6.90000000e-02  7.58959035e-10 
 7.20000000e-02  7.06248171e-10 
 7.50000000e-02  6.57256499e-10 
 7.80000000e-02  6.11712068e-10 
 8.10000000e-02  5.69364040e-10 
 8.40000000e-02  5.29981031e-10 
 8.70000000e-02  4.93349500e-10 
 9.00000000e-02  4.59272072e-10 
 9.30000000e-02  4.27566284e-10 
 9.60000000e-02  3.98063516e-10 
 9.90000000e-02  3.70607441e-10 
 1.02000000e-01  3.45053694e-10 
 1.05000000e-01  3.21267922e-10 
 1.08000000e-01  2.99126200e-10 
 1.11000000e-01  2.78513230e-10 
 1.14000000e-01  2.59322234e-10 
 1.17000000e-01  2.41454020e-10 
 1.20000000e-01  2.24816558e-10 
 1.23000000e-01  2.09324450e-10 
 1.26000000e-01  1.94898139e-10 
 1.29000000e-01  1.81464059e-10 
 1.32000000e-01  1.68953344e-10 
 1.35000000e-01  1.57302515e-10 
 1.38000000e-01  1.46452104e-10 
 1.41000000e-01  1.36347177e-10 
 1.44000000e-01  1.26936427e-10 
 1.47000000e-01  1.18171882e-10 
 1.50000000e-01  1.10009526e-10 
 1.53000000e-01  1.02407721e-10 
 1.56000000e-01  9.53281447e-11 
 1.59000000e-01  8.87349881e-11 
 1.62000000e-01  8.25948962e-11 
 1.65000000e-01  7.68767237e-11 
 1.68000000e-01  7.15518964e-11 
 1.71000000e-01  6.65930297e-11 
 1.74000000e-01  6.19754421e-11 
 1.77000000e-01  5.76755796e-11 
 1.80000000e-01  5.36716852e-11 
 1.83000000e-01  4.99436742e-11 
 1.86000000e-01  4.64725133e-11 
 1.89000000e-01  4.32406472e-11 
 1.92000000e-01  4.02315542e-11 
 1.95000000e-01  3.74301631e-11 
 1.98000000e-01  3.48221868e-11 
 2.01000000e-01  3.23943997e-11 
 2.04000000e-01  3.01342423e-11 
 2.07000000e-01  2.80305848e-11 
 2.10000000e-01  2.60723249e-11 
 2.13000000e-01  2.42498244e-11 
 2.16000000e-01  2.25533689e-11 
 2.19000000e-01  2.09748746e-11 
 2.22000000e-01  1.95054806e-11 
 2.25000000e-01  1.81381715e-11 
 2.28000000e-01  1.68659392e-11 
 2.31000000e-01  1.56821153e-11 
 2.34000000e-01  1.45806422e-11 
 2.37000000e-01  1.35557537e-11 
 2.40000000e-01  1.26023775e-11 
 2.43000000e-01  1.17154134e-11 
 2.46000000e-01  1.08902401e-11 
 2.49000000e-01  1.01228331e-11 
 2.52000000e-01  9.40884176e-12 
 2.55000000e-01  8.74486594e-12 
 2.58000000e-01  8.12728357e-12 
 2.61000000e-01  7.55294438e-12 
 2.64000000e-01  7.01885772e-12 
 2.67000000e-01  6.52198434e-12 
 2.70000000e-01  6.06008993e-12 
 2.73000000e-01  5.63095404e-12 
 2.76000000e-01  5.23159988e-12 
 2.79000000e-01  4.86042456e-12 
 2.82000000e-01  4.51544357e-12 
 2.85000000e-01  4.19470014e-12 
 2.88000000e-01  3.89632770e-12 
 2.91000000e-01  3.61926461e-12 
 2.94000000e-01  3.36187328e-12 
 2.97000000e-01  3.12217613e-12 
 3.00000000e-01  2.90008295e-12 
 3.03000000e-01  2.69311656e-12 
 3.06000000e-01  2.50113125e-12 
 3.09000000e-01  2.32260738e-12 
 3.12000000e-01  2.15671231e-12 
 3.15000000e-01  2.00258560e-12 
 3.18000000e-01  1.85959581e-12 
 3.21000000e-01  1.72650783e-12 
 3.24000000e-01  1.60312041e-12 
 3.27000000e-01  1.48810825e-12 
 3.30000000e-01  1.38163786e-12 
 3.33000000e-01  1.28270311e-12 
 3.36000000e-01  1.19085991e-12 
 3.39000000e-01  1.10537968e-12 
 3.42000000e-01  1.02598485e-12 
 3.45000000e-01  9.52418699e-13 
 3.48000000e-01  8.83952633e-13 
 3.51000000e-01  8.20572776e-13 
 3.54000000e-01  7.61550545e-13 
 3.57000000e-01  7.06851244e-13 
 3.60000000e-01  6.56259769e-13 
 3.63000000e-01  6.09012840e-13 
 3.66000000e-01  5.65110458e-13 
 3.69000000e-01  5.24434662e-13 
 3.72000000e-01  4.86811980e-13 
 3.75000000e-01  4.51819138e-13 
 3.78000000e-01  4.19254909e-13 
 3.81000000e-01  3.88925003e-13 
 3.84000000e-01  3.61051467e-13 
 3.87000000e-01  3.35106942e-13 
 3.90000000e-01  3.11133064e-13 
 3.93000000e-01  2.88644109e-13 
 3.96000000e-01  2.67605382e-13 
 3.99000000e-01  2.48495668e-13 
 4.02000000e-01  2.30662711e-13 
 4.05000000e-01  2.14148144e-13 
 4.08000000e-01  1.98591144e-13 
 4.11000000e-01  1.84491311e-13 
 4.14000000e-01  1.71002101e-13 
 4.17000000e-01  1.58789648e-13 
 4.20000000e-01  1.47326595e-13 
 4.23000000e-01  1.36626821e-13 
 4.26000000e-01  1.26981758e-13 
 4.29000000e-01  1.17600374e-13 
 4.32000000e-01  1.09190434e-13 
 4.35000000e-01  1.01280095e-13 
 4.38000000e-01  9.37028233e-14 
 4.41000000e-01  8.72496519e-14 
 4.44000000e-01  8.09768919e-14 
 4.47000000e-01  7.48151541e-14 
 4.50000000e-01  6.94722058e-14 
 4.53000000e-01  6.46427356e-14 
 4.56000000e-01  5.96328542e-14 
 4.59000000e-01  5.57331958e-14 
 4.62000000e-01  5.12229148e-14 
 4.65000000e-01  4.78228568e-14 
 4.68000000e-01  4.42285097e-14 
 4.71000000e-01  4.09672296e-14 
 4.74000000e-01  3.80390164e-14 
 4.77000000e-01  3.50275364e-14 
 4.80000000e-01  3.24879013e-14 
 4.83000000e-01  2.97400993e-14 
 4.86000000e-01  2.75890422e-14 
 4.89000000e-01  2.54518628e-14 
 4.92000000e-01  2.37726505e-14 
 4.95000000e-01  2.17881269e-14 
 4.98000000e-01  2.02893258e-14 
 5.01000000e-01  1.86656246e-14 
 5.04000000e-01  1.69447789e-14 
 5.07000000e-01  1.54876112e-14 
 5.10000000e-01  1.43773882e-14 
 5.13000000e-01  1.30589983e-14 
 5.16000000e-01  1.20042865e-14 
 5.19000000e-01  1.07830411e-14 
 5.22000000e-01  1.02556852e-14 
 5.25000000e-01  8.68749517e-15 
 5.28000000e-01  7.74380560e-15 
 5.31000000e-01  7.31359417e-15 
 5.34000000e-01  6.67521594e-15 
 5.37000000e-01  5.91193761e-15 
 5.40000000e-01  5.21804822e-15 
 5.43000000e-01  4.52415883e-15 
 5.46000000e-01  3.99680289e-15 
 5.49000000e-01  3.26128013e-15 
 5.52000000e-01  2.65065747e-15 
 5.55000000e-01  2.45636844e-15 
 5.58000000e-01  1.42941214e-15 
 5.61000000e-01  1.27675648e-15 
 5.64000000e-01  7.49400542e-16 
 5.67000000e-01  3.46944695e-16 
 5.70000000e-01  4.16333634e-17 
 5.73000000e-01 -5.55111512e-16 
 5.76000000e-01 -1.01307851e-15 
 5.79000000e-01 -1.12410081e-15 
 5.82000000e-01 -1.79023463e-15 
 5.85000000e-01 -1.65145675e-15 
 5.88000000e-01 -1.99840144e-15 
 5.91000000e-01 -2.83106871e-15 
 5.94000000e-01 -2.87270208e-15 
 5.97000000e-01 -3.10862447e-15 
 6.00000000e-01 -3.62210262e-15 
 6.03000000e-01 -3.70536934e-15 
 6.06000000e-01 -3.95516953e-15 
 6.09000000e-01 -4.37150316e-15 
 6.12000000e-01 -4.42701431e-15 
 6.15000000e-01 -4.42701431e-15 
 6.18000000e-01 -4.55191440e-15 
 6.21000000e-01 -5.10702591e-15 
 6.24000000e-01 -5.17641485e-15 
 6.27000000e-01 -5.37070388e-15 
 6.30000000e-01 -5.88418203e-15 
 6.33000000e-01 -5.92581539e-15 
 6.36000000e-01 -6.28663788e-15 
 6.39000000e-01 -6.16173779e-15 
 6.42000000e-01 -6.68909372e-15 
 6.45000000e-01 -6.64746036e-15 
 6.48000000e-01 -6.95277169e-15 
 6.51000000e-01 -6.93889390e-15 
 6.54000000e-01 -7.56339436e-15 
 6.57000000e-01 -7.92421684e-15 
 6.60000000e-01 -7.95197241e-15 
 6.63000000e-01 -7.85482790e-15 
 6.66000000e-01 -8.27116153e-15 
 6.69000000e-01 -8.32667268e-15 
 6.72000000e-01 -8.53483950e-15 
 6.75000000e-01 -8.84015083e-15 
 6.78000000e-01 -8.50708393e-15 
 6.81000000e-01 -9.08995101e-15 
 6.84000000e-01 -9.10382880e-15 
 6.87000000e-01 -8.99280650e-15 
 6.90000000e-01 -9.68669589e-15 
 6.93000000e-01 -9.53404022e-15 
 6.96000000e-01 -9.93649607e-15 
 6.99000000e-01 -9.68669589e-15 
 7.02000000e-01 -9.95037386e-15 
 7.05000000e-01 -1.02279296e-14 
 7.08000000e-01 -1.07275300e-14 
 7.11000000e-01 -1.10744747e-14 
 7.14000000e-01 -1.12548859e-14 
 7.17000000e-01 -1.11022302e-14 
 7.20000000e-01 -1.13659082e-14 
 7.23000000e-01 -1.12271303e-14 
 7.26000000e-01 -1.12826415e-14 
 7.29000000e-01 -1.16018306e-14 
 7.32000000e-01 -1.24067423e-14 
 7.35000000e-01 -1.21985755e-14 
 7.38000000e-01 -1.22402088e-14 
 7.41000000e-01 -1.25871535e-14 
 7.44000000e-01 -1.26565425e-14 
 7.47000000e-01 -1.28369537e-14 
 7.50000000e-01 -1.26981758e-14 
 7.53000000e-01 -1.29479760e-14 
 7.56000000e-01 -1.35169653e-14 
 7.59000000e-01 -1.36834988e-14 
 7.62000000e-01 -1.36834988e-14 
 7.65000000e-01 -1.39471767e-14 
 7.68000000e-01 -1.41137102e-14 
 7.71000000e-01 -1.41414658e-14 
 7.74000000e-01 -1.43357548e-14 
 7.77000000e-01 -1.45716772e-14 
 7.80000000e-01 -1.44745327e-14 
 7.83000000e-01 -1.50712776e-14 
 7.86000000e-01 -1.53765889e-14 
 7.89000000e-01 -1.51822999e-14 
 7.92000000e-01 -1.54598556e-14 
 7.95000000e-01 -1.53488333e-14 
 7.98000000e-01 -1.53765889e-14 
 8.01000000e-01 -1.56819002e-14 
 8.04000000e-01 -1.63757896e-14 
 8.07000000e-01 -1.63757896e-14 
 8.10000000e-01 -1.66255898e-14 
 8.13000000e-01 -1.67921232e-14 
 8.16000000e-01 -1.65978342e-14 
 8.19000000e-01 -1.69864123e-14 
 8.22000000e-01 -1.69864123e-14 
 8.25000000e-01 -1.75970349e-14 
 8.28000000e-01 -1.75692794e-14 
 8.31000000e-01 -1.77080572e-14 
 8.34000000e-01 -1.81521465e-14 
 8.37000000e-01 -1.77080572e-14 
 8.40000000e-01 -1.83186799e-14 
 8.43000000e-01 -1.83186799e-14 
 8.46000000e-01 -1.85684801e-14 
 8.49000000e-01 -1.88737914e-14 
 8.52000000e-01 -1.86795024e-14 
 8.55000000e-01 -1.87350135e-14 
 8.58000000e-01 -1.89848137e-14 
 8.61000000e-01 -1.98452366e-14 
 8.64000000e-01 -1.95954364e-14 
 8.67000000e-01 -1.96231920e-14 
 8.70000000e-01 -2.00950367e-14 
 8.73000000e-01 -1.99840144e-14 
 8.76000000e-01 -1.99007477e-14 
 8.79000000e-01 -2.00117700e-14 
 8.82000000e-01 -1.97897254e-14 
 8.85000000e-01 -2.06779038e-14 
 8.88000000e-01 -2.07889261e-14 
 8.91000000e-01 -2.14273044e-14 
 8.94000000e-01 -2.10664819e-14 
 8.97000000e-01 -2.11497486e-14 
 9.00000000e-01 -2.10942375e-14 
 9.03000000e-01 -2.13162821e-14 
 9.06000000e-01 -2.19269047e-14 
 9.09000000e-01 -2.22877272e-14 
 9.12000000e-01 -2.25652830e-14 
 9.15000000e-01 -2.23432384e-14 
 9.18000000e-01 -2.24542607e-14 
 9.21000000e-01 -2.25652830e-14 
 9.24000000e-01 -2.22044605e-14 
 9.27000000e-01 -2.31203945e-14 
 9.30000000e-01 -2.28983499e-14 
 9.33000000e-01 -2.27318164e-14 
 9.36000000e-01 -2.39808173e-14 
 9.39000000e-01 -2.37865283e-14 
 9.42000000e-01 -2.37310172e-14 
 9.45000000e-01 -2.37587727e-14 
 9.48000000e-01 -2.38697950e-14 
 9.51000000e-01 -2.44804177e-14 
 9.54000000e-01 -2.44804177e-14 
 9.57000000e-01 -2.49800181e-14 
 9.60000000e-01 -2.47302179e-14 
 9.63000000e-01 -2.52853294e-14 
 9.66000000e-01 -2.55351296e-14 
 9.69000000e-01 -2.55628851e-14 
 9.72000000e-01 -2.56461519e-14 
 9.75000000e-01 -2.58681965e-14 
 9.78000000e-01 -2.57571742e-14 
 9.81000000e-01 -2.55073740e-14 
 9.84000000e-01 -2.63122857e-14 
 9.87000000e-01 -2.65620859e-14 
 9.90000000e-01 -2.66175970e-14 
 9.93000000e-01 -2.66731082e-14 
 9.96000000e-01 -2.69229083e-14 
 9.99000000e-01 -2.69784195e-14 
 1.00200000e+00 -2.72004641e-14 
 1.00500000e+00 -2.72837308e-14 
 1.00800000e+00 -2.77555756e-14 
 1.01100000e+00 -2.79776202e-14 
 1.01400000e+00 -2.76723089e-14 
 1.01700000e+00 -2.81163981e-14 
 1.02000000e+00 -2.83661983e-14 
 1.02300000e+00 -2.88380431e-14 
 1.02600000e+00 -2.84217094e-14 
 1.02900000e+00 -2.89213098e-14 
 1.03200000e+00 -2.92266211e-14 
 1.03500000e+00 -2.95874436e-14 
 1.03800000e+00 -2.95041769e-14 
 1.04100000e+00 -2.97539771e-14 
 1.04400000e+00 -2.97539771e-14 
 1.04700000e+00 -3.02535774e-14 
 1.05000000e+00 -2.98094882e-14 
 1.05300000e+00 -3.01703107e-14 
 1.05600000e+00 -3.06421555e-14 
 1.05900000e+00 -3.08919557e-14 
 1.06200000e+00 -3.04756220e-14 
 1.06500000e+00 -3.15580895e-14 
 1.06800000e+00 -3.14193116e-14 
 1.07100000e+00 -3.11695114e-14 
 1.07400000e+00 -3.09474668e-14 
 1.07700000e+00 -3.18911564e-14 
 1.08000000e+00 -3.19189120e-14 
 1.08300000e+00 -3.23907567e-14 
 1.08600000e+00 -3.20299343e-14 
 1.08900000e+00 -3.19744231e-14 
 1.09200000e+00 -3.22242233e-14 
 1.09500000e+00 -3.28903571e-14 
 1.09800000e+00 -3.28903571e-14 
 1.10100000e+00 -3.25295346e-14 
 1.10400000e+00 -3.38062911e-14 
 1.10700000e+00 -3.36120021e-14 
 1.11000000e+00 -3.36120021e-14 
 1.11300000e+00 -3.33622019e-14 
 1.11600000e+00 -3.35564909e-14 
 1.11900000e+00 -3.39728246e-14 
 1.12200000e+00 -3.44724249e-14 
 1.12500000e+00 -3.46944695e-14 
 1.12800000e+00 -3.44169138e-14 
 1.13100000e+00 -3.46667139e-14 
 1.13400000e+00 -3.55271368e-14 
 1.13700000e+00 -3.54161145e-14 
 1.14000000e+00 -3.52495810e-14 
 1.14300000e+00 -3.53883589e-14 
 1.14600000e+00 -3.54716256e-14 
 1.14900000e+00 -3.60822483e-14 
 1.15200000e+00 -3.66651154e-14 
 1.15500000e+00 -3.63875596e-14 
 1.15800000e+00 -3.66651154e-14 
 1.16100000e+00 -3.68038933e-14 
 1.16400000e+00 -3.66373598e-14 
 1.16700000e+00 -3.61932706e-14 
 1.17000000e+00 -3.69149156e-14 
 1.17300000e+00 -3.70536934e-14 
 1.17600000e+00 -3.72479825e-14 
 1.17900000e+00 -3.75532938e-14 
 1.18200000e+00 -3.68594044e-14 
 1.18500000e+00 -3.79973830e-14 
 1.18800000e+00 -3.79696274e-14 
 1.19100000e+00 -3.86080057e-14 
 1.19400000e+00 -3.81639165e-14 
 1.19700000e+00 -3.88855614e-14 
 1.20000000e+00 -3.90798505e-14 
 1.20300000e+00 -3.86635168e-14 
 1.20600000e+00 -3.90520949e-14 
 1.20900000e+00 -3.98014954e-14 
 1.21200000e+00 -3.97182287e-14 
 1.21500000e+00 -3.97459843e-14 
 1.21800000e+00 -3.95239397e-14 
 1.22100000e+00 -3.96904731e-14 
 1.22400000e+00 -4.02455846e-14 
 1.22700000e+00 -4.05786516e-14 
 1.23000000e+00 -4.05786516e-14 
 1.23300000e+00 -4.19109192e-14 
 1.23600000e+00 -4.17998969e-14 
 1.23900000e+00 -4.13558077e-14 
 1.24200000e+00 -4.22162305e-14 
 1.24500000e+00 -4.17166302e-14 
 1.24800000e+00 -4.17166302e-14 
 1.25100000e+00 -4.14390744e-14 
 1.25400000e+00 -4.18831636e-14 
 1.25700000e+00 -4.20219415e-14 
 1.26000000e+00 -4.25770530e-14 
 1.26300000e+00 -4.22162305e-14 
 1.26600000e+00 -4.20219415e-14 
 1.26900000e+00 -4.38815650e-14 
 1.27200000e+00 -4.37427872e-14 
 1.27500000e+00 -4.35207426e-14 
 1.27800000e+00 -4.31876757e-14 
 1.28100000e+00 -4.34374758e-14 
 1.28400000e+00 -4.30211422e-14 
 1.28700000e+00 -4.43811654e-14 
 1.29000000e+00 -4.39648318e-14 
 1.29300000e+00 -4.35484981e-14 
 1.29600000e+00 -4.49917881e-14 
 1.29900000e+00 -4.48807658e-14 
 1.30200000e+00 -4.48252546e-14 
 1.30500000e+00 -4.49917881e-14 
 1.30800000e+00 -4.54358773e-14 
 1.31100000e+00 -4.49362769e-14 
 1.31400000e+00 -4.61297667e-14 
 1.31700000e+00 -4.62130334e-14 
 1.32000000e+00 -4.64628336e-14 
 1.32300000e+00 -4.67403893e-14 
 1.32600000e+00 -4.70179451e-14 
 1.32900000e+00 -4.65738559e-14 
 1.33200000e+00 -4.64628336e-14 
 1.33500000e+00 -4.67681449e-14 
 1.33800000e+00 -4.62685446e-14 
 1.34100000e+00 -4.63795669e-14 
 1.34400000e+00 -4.79893902e-14 
 1.34700000e+00 -4.87110352e-14 
 1.35000000e+00 -4.82669460e-14 
 1.35300000e+00 -4.81004125e-14 
 1.35600000e+00 -4.82669460e-14 
 1.35900000e+00 -4.85167462e-14 
 1.36200000e+00 -4.81004125e-14 
 1.36500000e+00 -4.83779683e-14 
 1.36800000e+00 -4.90996133e-14 
 1.37100000e+00 -4.95437025e-14 
 1.37400000e+00 -4.94049246e-14 
 1.37700000e+00 -4.95992136e-14 
 1.38000000e+00 -4.95159469e-14 
 1.38300000e+00 -5.02098363e-14 
 1.38600000e+00 -5.02098363e-14 
 1.38900000e+00 -4.96547248e-14 
 1.39200000e+00 -5.09869924e-14 
 1.39500000e+00 -5.14865928e-14 
 1.39800000e+00 -5.09037257e-14 
 1.40100000e+00 -5.17919041e-14 
 1.40400000e+00 -5.14588372e-14 
 1.40700000e+00 -5.11535259e-14 
 1.41000000e+00 -5.10425036e-14 
 1.41300000e+00 -5.06261699e-14 
 1.41600000e+00 -5.15976151e-14 
 1.41900000e+00 -5.16253706e-14 
 1.42200000e+00 -5.32907052e-14 
 1.42500000e+00 -5.28743715e-14 
 1.42800000e+00 -5.36237721e-14 
 1.43100000e+00 -5.33184608e-14 
 1.43400000e+00 -5.28466160e-14 
 1.43700000e+00 -5.30686606e-14 
 1.44000000e+00 -5.31519273e-14 
 1.44300000e+00 -5.28743715e-14 
 1.44600000e+00 -5.35127498e-14 
 1.44900000e+00 -5.41511280e-14 
 1.45200000e+00 -5.42621503e-14 
 1.45500000e+00 -5.49282841e-14 
 1.45800000e+00 -5.50670620e-14 
 1.46100000e+00 -5.46229728e-14 
 1.46400000e+00 -5.52891066e-14 
 1.46700000e+00 -5.49560397e-14 
 1.47000000e+00 -5.61495295e-14 
 1.47300000e+00 -5.52058399e-14 
 1.47600000e+00 -5.61217739e-14 
 1.47900000e+00 -5.59552404e-14 
 1.48200000e+00 -5.67323966e-14 
 1.48500000e+00 -5.61217739e-14 
 1.48800000e+00 -5.62050406e-14 
 1.49100000e+00 -5.62050406e-14 
 1.49400000e+00 -5.67879077e-14 
 1.49700000e+00 -5.74540415e-14 
 1.50000000e+00 -5.70377079e-14 
 1.50300000e+00 -5.83422199e-14 
 1.50600000e+00 -5.77593529e-14 
 1.50900000e+00 -5.84809978e-14 
 1.51200000e+00 -5.83144644e-14 
 1.51500000e+00 -5.82034421e-14 
 1.51800000e+00 -5.89805982e-14 
 1.52100000e+00 -5.90361093e-14 
 1.52400000e+00 -5.81479309e-14 
 1.52700000e+00 -5.86752869e-14 
 1.53000000e+00 -5.95634653e-14 
 1.53300000e+00 -5.92581539e-14 
 1.53600000e+00 -6.04516437e-14 
 1.53900000e+00 -5.99242878e-14 
 1.54200000e+00 -6.01463324e-14 
 1.54500000e+00 -6.04516437e-14 
 1.54800000e+00 -6.09789996e-14 
 1.55100000e+00 -6.05349104e-14 
 1.55400000e+00 -6.05904216e-14 
 1.55700000e+00 -6.13953333e-14 
 1.56000000e+00 -6.10622664e-14 
 1.56300000e+00 -6.22835117e-14 
 1.56600000e+00 -6.23945340e-14 
 1.56900000e+00 -6.15063556e-14 
 1.57200000e+00 -6.25610674e-14 
 1.57500000e+00 -6.26720897e-14 
 1.57800000e+00 -6.21724894e-14 
 1.58100000e+00 -6.32827124e-14 
 1.58400000e+00 -6.35047570e-14 
 1.58700000e+00 -6.36712905e-14 
 1.59000000e+00 -6.36157793e-14 
 1.59300000e+00 -6.36157793e-14 
 1.59600000e+00 -6.37823128e-14 
 1.59900000e+00 -6.33382236e-14 
 1.60200000e+00 -6.40043574e-14 
 1.60500000e+00 -6.55586696e-14 
 1.60800000e+00 -6.46704912e-14 
 1.61100000e+00 -6.48370246e-14 
 1.61400000e+00 -6.57807142e-14 
 1.61700000e+00 -6.53366250e-14 
 1.62000000e+00 -6.58917365e-14 
 1.62300000e+00 -6.60582700e-14 
 1.62600000e+00 -6.62248034e-14 
 1.62900000e+00 -6.72240041e-14 
 1.63200000e+00 -6.59472477e-14 
 1.63500000e+00 -6.78346268e-14 
 1.63800000e+00 -6.73905376e-14 
 1.64100000e+00 -6.71129818e-14 
 1.64400000e+00 -6.77236045e-14 
 1.64700000e+00 -6.78346268e-14 
 1.65000000e+00 -6.84452495e-14 
 1.65300000e+00 -6.86672941e-14 
 1.65600000e+00 -6.76125822e-14 
 1.65900000e+00 -6.91668944e-14 
 1.66200000e+00 -6.82232049e-14 
 1.66500000e+00 -6.92779167e-14 
 1.66800000e+00 -6.93889390e-14 
 1.67100000e+00 -6.94999613e-14 
 1.67400000e+00 -6.95554725e-14 
 1.67700000e+00 -6.93889390e-14 
 1.68000000e+00 -6.93889390e-14 
 1.68300000e+00 -6.99995617e-14 
 1.68600000e+00 -6.99995617e-14 
 1.68900000e+00 -7.13318293e-14 
 1.69200000e+00 -7.17759185e-14 
 1.69500000e+00 -7.17204074e-14 
 1.69800000e+00 -7.18869408e-14 
 1.70100000e+00 -7.16648962e-14 
 1.70400000e+00 -7.20534743e-14 
 1.70700000e+00 -7.11652959e-14 
 1.71000000e+00 -7.22200078e-14 
 1.71300000e+00 -7.32192085e-14 
 1.71600000e+00 -7.31636973e-14 
 1.71900000e+00 -7.31081862e-14 
 1.72200000e+00 -7.36077865e-14 
 1.72500000e+00 -7.37743200e-14 
 1.72800000e+00 -7.33857419e-14 
 1.73100000e+00 -7.42739203e-14 
 1.73400000e+00 -7.49400542e-14 
 1.73700000e+00 -7.58282326e-14 
 1.74000000e+00 -7.49955653e-14 
 1.74300000e+00 -7.59392549e-14 
 1.74600000e+00 -7.58837437e-14 
 1.74900000e+00 -7.54396545e-14 
 1.75200000e+00 -7.56061880e-14 
 1.75500000e+00 -7.52176099e-14 
 1.75800000e+00 -7.65498775e-14 
 1.76100000e+00 -7.62723218e-14 
 1.76400000e+00 -7.76045894e-14 
 1.76700000e+00 -7.82707232e-14 
 1.77000000e+00 -7.81041898e-14 
 1.77300000e+00 -7.76045894e-14 
 1.77600000e+00 -7.74380560e-14 
 1.77900000e+00 -7.70494779e-14 
 1.78200000e+00 -7.84927678e-14 
 1.78500000e+00 -7.90478794e-14 
 1.78800000e+00 -7.89923682e-14 
 1.79100000e+00 -7.99360578e-14 
 1.79400000e+00 -7.98250355e-14 
 1.79700000e+00 -7.94364574e-14 
 1.80000000e+00 -7.98805466e-14 
 1.80300000e+00 -7.99360578e-14 
 1.80600000e+00 -8.05466804e-14 
 1.80900000e+00 -8.02136135e-14 
 1.81200000e+00 -8.23230373e-14 
 1.81500000e+00 -8.21565038e-14 
 1.81800000e+00 -8.18789481e-14 
 1.82100000e+00 -8.17124146e-14 
 1.82400000e+00 -8.14903700e-14 
 1.82700000e+00 -8.17124146e-14 
 1.83000000e+00 -8.32112157e-14 
 1.83300000e+00 -8.18234369e-14 
 1.83600000e+00 -8.34887715e-14 
 1.83900000e+00 -8.42659276e-14 
 1.84200000e+00 -8.42659276e-14 
 1.84500000e+00 -8.39883718e-14 
 1.84800000e+00 -8.37108161e-14 
 1.85100000e+00 -8.39328607e-14 
 1.85400000e+00 -8.54316617e-14 
 1.85700000e+00 -8.50430837e-14 
 1.86000000e+00 -8.65973959e-14 
 1.86300000e+00 -8.62088179e-14 
 1.86600000e+00 -8.61533067e-14 
 1.86900000e+00 -8.57647287e-14 
 1.87200000e+00 -8.62088179e-14 
 1.87500000e+00 -8.57647287e-14 
 1.87800000e+00 -8.87068197e-14 
 1.88100000e+00 -8.63198402e-14 
 1.88400000e+00 -8.88178420e-14 
 1.88700000e+00 -8.85402862e-14 
 1.89000000e+00 -8.83737528e-14 
 1.89300000e+00 -8.83737528e-14 
 1.89600000e+00 -8.79296636e-14 
 1.89900000e+00 -8.79851747e-14 
 1.90200000e+00 -8.99835761e-14 
 1.90500000e+00 -9.00390873e-14 
 1.90800000e+00 -9.09272657e-14 
 1.91100000e+00 -8.95394869e-14 
 1.91400000e+00 -9.02611319e-14 
 1.91700000e+00 -9.10937992e-14 
 1.92000000e+00 -9.04276654e-14 
 1.92300000e+00 -9.07052211e-14 
 1.92600000e+00 -9.32032229e-14 
 1.92900000e+00 -9.22595333e-14 
 1.93200000e+00 -9.32587341e-14 
 1.93500000e+00 -9.28146449e-14 
 1.93800000e+00 -9.24815780e-14 
 1.94100000e+00 -9.48685575e-14 
 1.94400000e+00 -9.35362898e-14 
 1.94700000e+00 -9.40358902e-14 
 1.95000000e+00 -9.50350909e-14 
 1.95300000e+00 -9.52571355e-14 
 1.95600000e+00 -9.57567359e-14 
 1.95900000e+00 -9.54236690e-14 
 1.96200000e+00 -9.56457136e-14 
 1.96500000e+00 -9.54791801e-14 
 1.96800000e+00 -9.66449143e-14 
 1.97100000e+00 -9.69779812e-14 
 1.97400000e+00 -9.79771819e-14 
 1.97700000e+00 -9.72000258e-14 
 1.98000000e+00 -9.75330927e-14 
 1.98300000e+00 -9.77551373e-14 
 1.98600000e+00 -9.88653603e-14 
 1.98900000e+00 -9.84212711e-14 
 1.99200000e+00 -9.99755834e-14 
 1.99500000e+00 -1.00752739e-13 
 1.99800000e+00 -1.00475184e-13 
 2.00100000e+00 -1.00974784e-13 
 2.00400000e+00 -1.00974784e-13 
 2.00700000e+00 -1.00974784e-13 
 2.01000000e+00 -1.00974784e-13 
 2.01300000e+00 -1.01529896e-13 
 2.01600000e+00 -1.01085806e-13 
 2.01900000e+00 -1.02251541e-13 
 2.02200000e+00 -1.02251541e-13 
 2.02500000e+00 -1.02251541e-13 
 2.02800000e+00 -1.04416475e-13 
 2.03100000e+00 -1.02973186e-13 
 2.03400000e+00 -1.04471987e-13 
 2.03700000e+00 -1.05526698e-13 
 2.04000000e+00 -1.05526698e-13 
 2.04300000e+00 -1.04527498e-13 
 2.04600000e+00 -1.06414877e-13 
 2.04900000e+00 -1.05970788e-13 
 2.05200000e+00 -1.06359366e-13 
 2.05500000e+00 -1.06414877e-13 
 2.05800000e+00 -1.07358566e-13 
 2.06100000e+00 -1.07358566e-13 
 2.06400000e+00 -1.07802656e-13 
 2.06700000e+00 -1.07969189e-13 
 2.07000000e+00 -1.08968390e-13 
 2.07300000e+00 -1.09412479e-13 
 2.07600000e+00 -1.08912879e-13 
 2.07900000e+00 -1.10633724e-13 
 2.08200000e+00 -1.12077014e-13 
 2.08500000e+00 -1.11854970e-13 
 2.08800000e+00 -1.10189635e-13 
 2.09100000e+00 -1.10911280e-13 
 2.09400000e+00 -1.11910481e-13 
 2.09700000e+00 -1.12299059e-13 
 2.10000000e+00 -1.12299059e-13 
 2.10300000e+00 -1.13742349e-13 
 2.10600000e+00 -1.13742349e-13 
 2.10900000e+00 -1.13742349e-13 
 2.11200000e+00 -1.13853371e-13 
 2.11500000e+00 -1.14686038e-13 
 2.11800000e+00 -1.16906484e-13 
 2.12100000e+00 -1.16906484e-13 
 2.12400000e+00 -1.18127730e-13 
 2.12700000e+00 -1.16961996e-13 
 2.13000000e+00 -1.18127730e-13 
 2.13300000e+00 -1.18460797e-13 
 2.13600000e+00 -1.18460797e-13 
 2.13900000e+00 -1.19182442e-13 
 2.14200000e+00 -1.19126931e-13 
 2.14500000e+00 -1.19237953e-13 
 2.14800000e+00 -1.19793064e-13 
 2.15100000e+00 -1.20736754e-13 
 2.15400000e+00 -1.19848576e-13 
 2.15700000e+00 -1.20847776e-13 
 2.16000000e+00 -1.20847776e-13 
 2.16300000e+00 -1.22513111e-13 
 2.16600000e+00 -1.23012711e-13 
 2.16900000e+00 -1.23900890e-13 
 2.17200000e+00 -1.23012711e-13 
 2.17500000e+00 -1.24289468e-13 
 2.17800000e+00 -1.25621735e-13 
 2.18100000e+00 -1.25843780e-13 
 2.18400000e+00 -1.26121336e-13 
 2.18700000e+00 -1.26121336e-13 
 2.19000000e+00 -1.26620936e-13 
 2.19300000e+00 -1.27009514e-13 
 2.19600000e+00 -1.27675648e-13 
 2.19900000e+00 -1.27953204e-13 
 2.20200000e+00 -1.28397293e-13 
 2.20500000e+00 -1.30118138e-13 
 2.20800000e+00 -1.30173650e-13 
 2.21100000e+00 -1.28397293e-13 
 2.21400000e+00 -1.30173650e-13 
 2.21700000e+00 -1.31561428e-13 
 2.22000000e+00 -1.30173650e-13 
 2.22300000e+00 -1.31561428e-13 
 2.22600000e+00 -1.32227562e-13 
 2.22900000e+00 -1.32227562e-13 
 2.23200000e+00 -1.33226763e-13 
 2.23500000e+00 -1.33726363e-13 
 2.23800000e+00 -1.35502720e-13 
 2.24100000e+00 -1.35835787e-13 
 2.24400000e+00 -1.36668454e-13 
 2.24700000e+00 -1.35114142e-13 
 2.25000000e+00 -1.36834988e-13 
 2.25300000e+00 -1.38444811e-13 
 2.25600000e+00 -1.36779477e-13 
 2.25900000e+00 -1.39555034e-13 
 2.26200000e+00 -1.40276679e-13 
 2.26500000e+00 -1.39832590e-13 
 2.26800000e+00 -1.41608947e-13 
 2.27100000e+00 -1.41331391e-13 
 2.27400000e+00 -1.41775480e-13 
 2.27700000e+00 -1.42941214e-13 
 2.28000000e+00 -1.44051437e-13 
 2.28300000e+00 -1.43440815e-13 
 2.28600000e+00 -1.45161660e-13 
 2.28900000e+00 -1.44773082e-13 
 2.29200000e+00 -1.45217172e-13 
 2.29500000e+00 -1.47437618e-13 
 2.29800000e+00 -1.45661261e-13 
 2.30100000e+00 -1.48547841e-13 
 2.30400000e+00 -1.48769885e-13 
 2.30700000e+00 -1.49658064e-13 
 2.31000000e+00 -1.49102952e-13 
 2.31300000e+00 -1.50102153e-13 
 2.31600000e+00 -1.49658064e-13 
 2.31900000e+00 -1.51767487e-13 
 2.32200000e+00 -1.51323398e-13 
 2.32500000e+00 -1.51822999e-13 
 2.32800000e+00 -1.53710378e-13 
 2.33100000e+00 -1.53599355e-13 
 2.33400000e+00 -1.54043445e-13 
 2.33700000e+00 -1.54043445e-13 
 2.34000000e+00 -1.55431223e-13 
 2.34300000e+00 -1.56319402e-13 
 2.34600000e+00 -1.57152069e-13 
 2.34900000e+00 -1.56819002e-13 
 2.35200000e+00 -1.57818203e-13 
 2.35500000e+00 -1.57374114e-13 
 2.35800000e+00 -1.58928426e-13 
 2.36100000e+00 -1.60704783e-13 
 2.36400000e+00 -1.60760294e-13 
 2.36700000e+00 -1.61204383e-13 
 2.37000000e+00 -1.62869718e-13 
 2.37300000e+00 -1.63757896e-13 
 2.37600000e+00 -1.62592162e-13 
 2.37900000e+00 -1.64313008e-13 
 2.38200000e+00 -1.65034653e-13 
 2.38500000e+00 -1.65756298e-13 
 2.38800000e+00 -1.67366121e-13 
 2.39100000e+00 -1.67310610e-13 
 2.39400000e+00 -1.68476344e-13 
 2.39700000e+00 -1.68032255e-13 
 2.40000000e+00 -1.68809411e-13 
 2.40300000e+00 -1.70752301e-13 
 2.40600000e+00 -1.70308212e-13 
 2.40900000e+00 -1.72528658e-13 
 2.41200000e+00 -1.72972747e-13 
 2.41500000e+00 -1.75359727e-13 
 2.41800000e+00 -1.74915638e-13 
 2.42100000e+00 -1.75859327e-13 
 2.42400000e+00 -1.74971149e-13 
 2.42700000e+00 -1.77524662e-13 
 2.43000000e+00 -1.79800619e-13 
 2.43300000e+00 -1.79078974e-13 
 2.43600000e+00 -1.79467552e-13 
 2.43900000e+00 -1.79467552e-13 
 2.44200000e+00 -1.81632487e-13 
 2.44500000e+00 -1.81299420e-13 
 2.44800000e+00 -1.82187598e-13 
 2.45100000e+00 -1.82520665e-13 
 2.45400000e+00 -1.83242310e-13 
 2.45700000e+00 -1.85629290e-13 
 2.46000000e+00 -1.85684801e-13 
 2.46300000e+00 -1.87294624e-13 
 2.46600000e+00 -1.87794225e-13 
 2.46900000e+00 -1.89459559e-13 
 2.47200000e+00 -1.89070981e-13 
 2.47500000e+00 -1.90070182e-13 
 2.47800000e+00 -1.90902849e-13 
 2.48100000e+00 -1.90514271e-13 
 2.48400000e+00 -1.92679206e-13 
 2.48700000e+00 -1.93567384e-13 
 2.49000000e+00 -1.94677607e-13 
 2.49300000e+00 -1.94178007e-13 
 2.49600000e+00 -1.96564987e-13 
 2.49900000e+00 -1.97064587e-13 
 2.50200000e+00 -1.98563388e-13 
 2.50500000e+00 -1.98785433e-13 
 2.50800000e+00 -2.01061390e-13 
 2.51100000e+00 -2.01338946e-13 
 2.51400000e+00 -2.01394457e-13 
 2.51700000e+00 -2.04058992e-13 
 2.52000000e+00 -2.04725126e-13 
 2.52300000e+00 -2.05502282e-13 
 2.52600000e+00 -2.05557793e-13 
 2.52900000e+00 -2.06945572e-13 
 2.53200000e+00 -2.07944773e-13 
 2.53500000e+00 -2.09277040e-13 
 2.53800000e+00 -2.10165219e-13 
 2.54100000e+00 -2.11219930e-13 
 2.54400000e+00 -2.12385665e-13 
 2.54700000e+00 -2.13495888e-13 
 2.55000000e+00 -2.14162021e-13 
 2.55300000e+00 -2.15605311e-13 
 2.55600000e+00 -2.16604512e-13 
 2.55900000e+00 -2.17548202e-13 
 2.56200000e+00 -2.18325358e-13 
 2.56500000e+00 -2.18325358e-13 
 2.56800000e+00 -2.20601315e-13 
 2.57100000e+00 -2.21878071e-13 
 2.57400000e+00 -2.22211138e-13 
 2.57700000e+00 -2.23210339e-13 
 2.58000000e+00 -2.24931185e-13 
 2.58300000e+00 -2.26041408e-13 
 2.58600000e+00 -2.26374475e-13 
 2.58900000e+00 -2.28705943e-13 
 2.59200000e+00 -2.28816965e-13 
 2.59500000e+00 -2.30593322e-13 
 2.59800000e+00 -2.32147634e-13 
 2.60100000e+00 -2.32869279e-13 
 2.60400000e+00 -2.33035813e-13 
 2.60700000e+00 -2.34479103e-13 
 2.61000000e+00 -2.37920794e-13 
 2.61300000e+00 -2.36921593e-13 
 2.61600000e+00 -2.39641640e-13 
 2.61900000e+00 -2.39142040e-13 
 2.62200000e+00 -2.41251463e-13 
 2.62500000e+00 -2.42084131e-13 
 2.62800000e+00 -2.44637643e-13 
 2.63100000e+00 -2.45303777e-13 
 2.63400000e+00 -2.45359288e-13 
 2.63700000e+00 -2.46469511e-13 
 2.64000000e+00 -2.48356891e-13 
 2.64300000e+00 -2.51187959e-13 
 2.64600000e+00 -2.51687560e-13 
 2.64900000e+00 -2.52520227e-13 
 2.65200000e+00 -2.52797783e-13 
 2.65500000e+00 -2.53574939e-13 
 2.65800000e+00 -2.56406008e-13 
 2.66100000e+00 -2.57793786e-13 
 2.66400000e+00 -2.57793786e-13 
 2.66700000e+00 -2.59625654e-13 
 2.67000000e+00 -2.59958721e-13 
 2.67300000e+00 -2.64399613e-13 
 2.67600000e+00 -2.64011035e-13 
 2.67900000e+00 -2.65176769e-13 
 2.68200000e+00 -2.65731881e-13 
 2.68500000e+00 -2.67896816e-13 
 2.68800000e+00 -2.68562950e-13 
 2.69100000e+00 -2.69784195e-13 
 2.69400000e+00 -2.72060152e-13 
 2.69700000e+00 -2.73003842e-13 
 2.70000000e+00 -2.74003042e-13 
 2.70300000e+00 -2.76279000e-13 
 2.70600000e+00 -2.77222689e-13 
 2.70900000e+00 -2.78999046e-13 
 2.71200000e+00 -2.80386825e-13 
 2.71500000e+00 -2.79776202e-13 
 2.71800000e+00 -2.82551760e-13 
 2.72100000e+00 -2.84272605e-13 
 2.72400000e+00 -2.86104473e-13 
 2.72700000e+00 -2.88213897e-13 
 2.73000000e+00 -2.89490654e-13 
 2.73300000e+00 -2.91211499e-13 
 2.73600000e+00 -2.93209901e-13 
 2.73900000e+00 -2.94542168e-13 
 2.74200000e+00 -2.95541369e-13 
 2.74500000e+00 -2.97761815e-13 
 2.74800000e+00 -2.98261416e-13 
 2.75100000e+00 -2.99982261e-13 
 2.75400000e+00 -3.01703107e-13 
 2.75700000e+00 -3.04922754e-13 
 2.76000000e+00 -3.04534176e-13 
 2.76300000e+00 -3.05644399e-13 
 2.76600000e+00 -3.09197112e-13 
 2.76900000e+00 -3.09863246e-13 
 2.77200000e+00 -3.10917958e-13 
 2.77500000e+00 -3.13582493e-13 
 2.77800000e+00 -3.14859250e-13 
 2.78100000e+00 -3.15802939e-13 
 2.78400000e+00 -3.17634807e-13 
 2.78700000e+00 -3.19355653e-13 
 2.79000000e+00 -3.22575300e-13 
 2.79300000e+00 -3.21576099e-13 
 2.79600000e+00 -3.24074101e-13 
 2.79900000e+00 -3.28459482e-13 
 2.80200000e+00 -3.27127214e-13 
 2.80500000e+00 -3.29791749e-13 
 2.80800000e+00 -3.31401573e-13 
 2.81100000e+00 -3.34121619e-13 
 2.81400000e+00 -3.35620420e-13 
 2.81700000e+00 -3.35786954e-13 
 2.82000000e+00 -3.38951089e-13 
 2.82300000e+00 -3.40838469e-13 
 2.82600000e+00 -3.41671136e-13 
 2.82900000e+00 -3.43725048e-13 
 2.83200000e+00 -3.45112827e-13 
 2.83500000e+00 -3.48332474e-13 
 2.83800000e+00 -3.49553719e-13 
 2.84100000e+00 -3.51274565e-13 
 2.84400000e+00 -3.53272966e-13 
 2.84700000e+00 -3.55937502e-13 
 2.85000000e+00 -3.55881991e-13 
 2.85300000e+00 -3.58324481e-13 
 2.85600000e+00 -3.60322883e-13 
 2.85900000e+00 -3.62598840e-13 
 2.86200000e+00 -3.64153152e-13 
 2.86500000e+00 -3.67872399e-13 
 2.86800000e+00 -3.68816089e-13 
 2.87100000e+00 -3.71092046e-13 
 2.87400000e+00 -3.74589249e-13 
 2.87700000e+00 -3.74533737e-13 
 2.88000000e+00 -3.77142761e-13 
 2.88300000e+00 -3.79640763e-13 
 2.88600000e+00 -3.80695475e-13 
 2.88900000e+00 -3.84248189e-13 
 2.89200000e+00 -3.86135568e-13 
 2.89500000e+00 -3.88244992e-13 
 2.89800000e+00 -3.89799304e-13 
 2.90100000e+00 -3.91131572e-13 
 2.90400000e+00 -3.93407529e-13 
 2.90700000e+00 -3.97404332e-13 
 2.91000000e+00 -3.97515354e-13 
 2.91300000e+00 -3.99624778e-13 
 2.91600000e+00 -4.00957045e-13 
 2.91900000e+00 -4.03566069e-13 
 2.92200000e+00 -4.06341627e-13 
 2.92500000e+00 -4.08229006e-13 
 2.92800000e+00 -4.09561274e-13 
 2.93100000e+00 -4.12392342e-13 
 2.93400000e+00 -4.15056878e-13 
 2.93700000e+00 -4.17665902e-13 
 2.94000000e+00 -4.19553281e-13 
 2.94300000e+00 -4.20663504e-13 
 2.94600000e+00 -4.22217816e-13 
 2.94900000e+00 -4.27213820e-13 
 2.95200000e+00 -4.29101199e-13 
 2.95500000e+00 -4.30488978e-13 
 2.95800000e+00 -4.33819647e-13 
 2.96100000e+00 -4.35707026e-13 
 2.96400000e+00 -4.37372361e-13 
 2.96700000e+00 -4.40925074e-13 
 2.97000000e+00 -4.42756942e-13 
 2.97300000e+00 -4.44866366e-13 
 2.97600000e+00 -4.47253345e-13 
 2.97900000e+00 -4.48585613e-13 
 2.98200000e+00 -4.51694238e-13 
 2.98500000e+00 -4.53803661e-13 
 2.98800000e+00 -4.57633931e-13 
 2.99100000e+00 -4.57245353e-13 
 2.99400000e+00 -4.60076421e-13 
 2.99700000e+00 -4.63462602e-13 
 3.00000000e+00 -4.65738559e-13 
