 0.00000000e+00  4.60723537e-09 
 3.00000000e-03  4.25476536e-09 
 6.00000000e-03  3.93251300e-09 
 9.00000000e-03  3.63677081e-09 
 1.20000000e-02  3.36465773e-09 
 1.50000000e-02  3.11437494e-09 
 1.80000000e-02  2.88431711e-09 
 2.10000000e-02  2.67258026e-09 
 2.40000000e-02  2.47749630e-09 
 2.70000000e-02  2.29758995e-09 
 3.00000000e-02  2.13154714e-09 
 3.30000000e-02  1.97817068e-09 
 3.60000000e-02  1.83640388e-09 
 3.90000000e-02  1.70528465e-09 
 4.20000000e-02  1.58393902e-09 
 4.50000000e-02  1.47158562e-09 
 4.80000000e-02  1.36750032e-09 
 5.10000000e-02  1.27103740e-09 
 5.40000000e-02  1.18160062e-09 
 5.70000000e-02  1.09864343e-09 
 6.00000000e-02  1.02166852e-09 
 6.30000000e-02  9.50224174e-10 
 6.60000000e-02  8.83891585e-10 
 6.90000000e-02  8.22285932e-10 
 7.20000000e-02  7.65056175e-10 
 7.50000000e-02  7.11879514e-10 
 7.80000000e-02  6.62456489e-10 
 8.10000000e-02  6.16513625e-10 
 8.40000000e-02  5.73798052e-10 
 8.70000000e-02  5.34074800e-10 
 9.00000000e-02  4.97129464e-10 
 9.30000000e-02  4.62761640e-10 
 9.60000000e-02  4.30788339e-10 
 9.90000000e-02  4.01037637e-10 
 1.02000000e-01  3.73353286e-10 
 1.05000000e-01  3.47588167e-10 
 1.08000000e-01  3.23608168e-10 
 1.11000000e-01  3.01286555e-10 
 1.14000000e-01  2.80507804e-10 
 1.17000000e-01  2.61163143e-10 
 1.20000000e-01  2.43153737e-10 
 1.23000000e-01  2.26385913e-10 
 1.26000000e-01  2.10773309e-10 
 1.29000000e-01  1.96235798e-10 
 1.32000000e-01  1.82698912e-10 
 1.35000000e-01  1.70093609e-10 
 1.38000000e-01  1.58355343e-10 
 1.41000000e-01  1.47424441e-10 
 1.44000000e-01  1.37244830e-10 
 1.47000000e-01  1.27765333e-10 
 1.50000000e-01  1.18937603e-10 
 1.53000000e-01  1.10716530e-10 
 1.56000000e-01  1.03060758e-10 
 1.59000000e-01  9.59312942e-11 
 1.62000000e-01  8.92921848e-11 
 1.65000000e-01  8.31096927e-11 
 1.68000000e-01  7.73524508e-11 
 1.71000000e-01  7.19913261e-11 
 1.74000000e-01  6.69991701e-11 
 1.77000000e-01  6.23507010e-11 
 1.80000000e-01  5.80225139e-11 
 1.83000000e-01  5.39924147e-11 
 1.86000000e-01  5.02400656e-11 
 1.89000000e-01  4.67464609e-11 
 1.92000000e-01  4.34940833e-11 
 1.95000000e-01  4.04658251e-11 
 1.98000000e-01  3.76469828e-11 
 2.01000000e-01  3.50229221e-11 
 2.04000000e-01  3.25799318e-11 
 2.07000000e-01  3.03060979e-11 
 2.10000000e-01  2.81896936e-11 
 2.13000000e-01  2.62197486e-11 
 2.16000000e-01  2.43862638e-11 
 2.19000000e-01  2.26798649e-11 
 2.22000000e-01  2.10916978e-11 
 2.25000000e-01  1.96140396e-11 
 2.28000000e-01  1.82388479e-11 
 2.31000000e-01  1.69593575e-11 
 2.34000000e-01  1.57689278e-11 
 2.37000000e-01  1.46610293e-11 
 2.40000000e-01  1.36306036e-11 
 2.43000000e-01  1.26718636e-11 
 2.46000000e-01  1.17799451e-11 
 2.49000000e-01  1.09503240e-11 
 2.52000000e-01  1.01785386e-11 
 2.55000000e-01  9.46086265e-12 
 2.58000000e-01  8.79327167e-12 
 2.61000000e-01  8.17257373e-12 
 2.64000000e-01  7.59480673e-12 
 2.67000000e-01  7.05797226e-12 
 2.70000000e-01  6.55869109e-12 
 2.73000000e-01  6.09468032e-12 
 2.76000000e-01  5.66302560e-12 
 2.79000000e-01  5.26151345e-12 
 2.82000000e-01  4.88852708e-12 
 2.85000000e-01  4.54179055e-12 
 2.88000000e-01  4.21945812e-12 
 2.91000000e-01  3.91986443e-12 
 2.94000000e-01  3.64131642e-12 
 2.97000000e-01  3.38245404e-12 
 3.00000000e-01  3.14199361e-12 
 3.03000000e-01  2.91842939e-12 
 3.06000000e-01  2.71057482e-12 
 3.09000000e-01  2.51759030e-12 
 3.12000000e-01  2.33831704e-12 
 3.15000000e-01  2.17166563e-12 
 3.18000000e-01  2.01699074e-12 
 3.21000000e-01  1.87300869e-12 
 3.24000000e-01  1.73925457e-12 
 3.27000000e-01  1.61540226e-12 
 3.30000000e-01  1.49990437e-12 
 3.33000000e-01  1.39319112e-12 
 3.36000000e-01  1.29370820e-12 
 3.39000000e-01  1.20115029e-12 
 3.42000000e-01  1.11530923e-12 
 3.45000000e-01  1.03577563e-12 
 3.48000000e-01  9.61751512e-13 
 3.51000000e-01  8.93320140e-13 
 3.54000000e-01  8.29232516e-13 
 3.57000000e-01  7.70217223e-13 
 3.60000000e-01  7.15184856e-13 
 3.63000000e-01  6.64288069e-13 
 3.66000000e-01  6.16708073e-13 
 3.69000000e-01  5.72826508e-13 
 3.72000000e-01  5.31776012e-13 
 3.75000000e-01  4.94077002e-13 
 3.78000000e-01  4.58709459e-13 
 3.81000000e-01  4.26263191e-13 
 3.84000000e-01  3.96016553e-13 
 3.87000000e-01  3.67851583e-13 
 3.90000000e-01  3.41802975e-13 
 3.93000000e-01  3.17662563e-13 
 3.96000000e-01  2.95000135e-13 
 3.99000000e-01  2.73989165e-13 
 4.02000000e-01  2.54865573e-13 
 4.05000000e-01  2.36699549e-13 
 4.08000000e-01  2.20115592e-13 
 4.11000000e-01  2.04627981e-13 
 4.14000000e-01  1.90569782e-13 
 4.17000000e-01  1.76636483e-13 
 4.20000000e-01  1.64687708e-13 
 4.23000000e-01  1.52849955e-13 
 4.26000000e-01  1.42538759e-13 
 4.29000000e-01  1.32657774e-13 
 4.32000000e-01  1.23401289e-13 
 4.35000000e-01  1.14644405e-13 
 4.38000000e-01  1.06928355e-13 
 4.41000000e-01  9.96563942e-14 
 4.44000000e-01  9.29117894e-14 
 4.47000000e-01  8.66806626e-14 
 4.50000000e-01  8.05883138e-14 
 4.53000000e-01  7.51065876e-14 
 4.56000000e-01  6.99301728e-14 
 4.59000000e-01  6.53227472e-14 
 4.62000000e-01  6.10067552e-14 
 4.65000000e-01  5.72042413e-14 
 4.68000000e-01  5.30409050e-14 
 4.71000000e-01  4.95159469e-14 
 4.74000000e-01  4.65599781e-14 
 4.77000000e-01  4.33819647e-14 
 4.80000000e-01  4.05092626e-14 
 4.83000000e-01  3.79557497e-14 
 4.86000000e-01  3.54438701e-14 
 4.89000000e-01  3.32373018e-14 
 4.92000000e-01  3.09891002e-14 
 4.95000000e-01  2.89906987e-14 
 4.98000000e-01  2.73669976e-14 
 5.01000000e-01  2.54379851e-14 
 5.04000000e-01  2.38142839e-14 
 5.07000000e-01  2.22460939e-14 
 5.10000000e-01  2.04697370e-14 
 5.13000000e-01  1.95815586e-14 
 5.16000000e-01  1.86933802e-14 
 5.19000000e-01  1.72500902e-14 
 5.22000000e-01  1.62647673e-14 
 5.25000000e-01  1.49602553e-14 
 5.28000000e-01  1.41692214e-14 
 5.31000000e-01  1.35030875e-14 
 5.34000000e-01  1.25455202e-14 
 5.37000000e-01  1.17822418e-14 
 5.40000000e-01  1.07969189e-14 
 5.43000000e-01  1.04222186e-14 
 5.46000000e-01  9.63118474e-15 
 5.49000000e-01  9.20097332e-15 
 5.52000000e-01  8.54871729e-15 
 5.55000000e-01  7.66053887e-15 
 5.58000000e-01  7.36910533e-15 
 5.61000000e-01  6.77236045e-15 
 5.64000000e-01  6.68909372e-15 
 5.67000000e-01  5.67601521e-15 
 5.70000000e-01  5.68989300e-15 
 5.73000000e-01  5.14865928e-15 
 5.76000000e-01  4.46864767e-15 
 5.79000000e-01  4.21884749e-15 
 5.82000000e-01  4.32986980e-15 
 5.85000000e-01  3.76088050e-15 
 5.88000000e-01  3.67761377e-15 
 5.91000000e-01  2.84494650e-15 
 5.94000000e-01  2.67841305e-15 
 5.97000000e-01  2.44249065e-15 
 6.00000000e-01  2.55351296e-15 
 6.03000000e-01  1.67921232e-15 
 6.06000000e-01  1.69309011e-15 
 6.09000000e-01  1.62370117e-15 
 6.12000000e-01  7.21644966e-16 
 6.15000000e-01  9.29811783e-16 
 6.18000000e-01  1.01307851e-15 
 6.21000000e-01  7.63278329e-16 
 6.24000000e-01  2.49800181e-16 
 6.27000000e-01 -1.66533454e-16 
 6.30000000e-01 -2.91433544e-16 
 6.33000000e-01 -4.02455846e-16 
 6.36000000e-01 -5.68989300e-16 
 6.39000000e-01 -7.49400542e-16 
 6.42000000e-01 -1.01307851e-15 
 6.45000000e-01 -1.36002321e-15 
 6.48000000e-01 -1.72084569e-15 
 6.51000000e-01 -1.69309011e-15 
 6.54000000e-01 -2.24820162e-15 
 6.57000000e-01 -2.23432384e-15 
 6.60000000e-01 -2.37310172e-15 
 6.63000000e-01 -2.56739074e-15 
 6.66000000e-01 -2.55351296e-15 
 6.69000000e-01 -3.09474668e-15 
 6.72000000e-01 -2.96984659e-15 
 6.75000000e-01 -3.15025783e-15 
 6.78000000e-01 -3.26128013e-15 
 6.81000000e-01 -3.64985819e-15 
 6.84000000e-01 -3.88578059e-15 
 6.87000000e-01 -3.81639165e-15 
 6.90000000e-01 -4.32986980e-15 
 6.93000000e-01 -4.55191440e-15 
 6.96000000e-01 -4.19109192e-15 
 6.99000000e-01 -4.49640325e-15 
 7.02000000e-01 -4.77395901e-15 
 7.05000000e-01 -5.14865928e-15 
 7.08000000e-01 -5.35682609e-15 
 7.11000000e-01 -5.46784840e-15 
 7.14000000e-01 -5.78703752e-15 
 7.17000000e-01 -5.78703752e-15 
 7.20000000e-01 -5.75928194e-15 
 7.23000000e-01 -5.78703752e-15 
 7.26000000e-01 -6.35602682e-15 
 7.29000000e-01 -6.32827124e-15 
 7.32000000e-01 -6.81399381e-15 
 7.35000000e-01 -6.91113833e-15 
 7.38000000e-01 -6.81399381e-15 
 7.41000000e-01 -6.81399381e-15 
 7.44000000e-01 -7.09154957e-15 
 7.47000000e-01 -7.50788320e-15 
 7.50000000e-01 -7.63278329e-15 
 7.53000000e-01 -7.79931675e-15 
 7.56000000e-01 -7.95197241e-15 
 7.59000000e-01 -8.32667268e-15 
 7.62000000e-01 -8.09075029e-15 
 7.65000000e-01 -8.36830605e-15 
 7.68000000e-01 -8.42381720e-15 
 7.71000000e-01 -8.61810623e-15 
 7.74000000e-01 -8.96505092e-15 
 7.77000000e-01 -9.27036226e-15 
 7.80000000e-01 -9.07607323e-15 
 7.83000000e-01 -9.82547377e-15 
 7.86000000e-01 -9.54791801e-15 
 7.89000000e-01 -9.68669589e-15 
 7.92000000e-01 -9.46465128e-15 
 7.95000000e-01 -9.71445147e-15 
 7.98000000e-01 -1.00752739e-14 
 8.01000000e-01 -1.00752739e-14 
 8.04000000e-01 -1.08246745e-14 
 8.07000000e-01 -1.10189635e-14 
 8.10000000e-01 -1.09356968e-14 
 8.13000000e-01 -1.07136522e-14 
 8.16000000e-01 -1.11299858e-14 
 8.19000000e-01 -1.17961196e-14 
 8.22000000e-01 -1.13520304e-14 
 8.25000000e-01 -1.22402088e-14 
 8.28000000e-01 -1.21291865e-14 
 8.31000000e-01 -1.20181642e-14 
 8.34000000e-01 -1.26565425e-14 
 8.37000000e-01 -1.26287869e-14 
 8.40000000e-01 -1.26842981e-14 
 8.43000000e-01 -1.26565425e-14 
 8.46000000e-01 -1.32394096e-14 
 8.49000000e-01 -1.34336986e-14 
 8.52000000e-01 -1.32394096e-14 
 8.55000000e-01 -1.32116540e-14 
 8.58000000e-01 -1.36834988e-14 
 8.61000000e-01 -1.43496326e-14 
 8.64000000e-01 -1.39055434e-14 
 8.67000000e-01 -1.45161660e-14 
 8.70000000e-01 -1.45439216e-14 
 8.73000000e-01 -1.46271883e-14 
 8.76000000e-01 -1.45161660e-14 
 8.79000000e-01 -1.45716772e-14 
 8.82000000e-01 -1.49880108e-14 
 8.85000000e-01 -1.56263891e-14 
 8.88000000e-01 -1.55431223e-14 
 8.91000000e-01 -1.56263891e-14 
 8.94000000e-01 -1.56263891e-14 
 8.97000000e-01 -1.59872116e-14 
 9.00000000e-01 -1.61537450e-14 
 9.03000000e-01 -1.61537450e-14 
 9.06000000e-01 -1.66255898e-14 
 9.09000000e-01 -1.68198788e-14 
 9.12000000e-01 -1.69309011e-14 
 9.15000000e-01 -1.69031455e-14 
 9.18000000e-01 -1.70141679e-14 
 9.21000000e-01 -1.78745907e-14 
 9.24000000e-01 -1.75692794e-14 
 9.27000000e-01 -1.79856130e-14 
 9.30000000e-01 -1.77913240e-14 
 9.33000000e-01 -1.77358128e-14 
 9.36000000e-01 -1.80411242e-14 
 9.39000000e-01 -1.78190795e-14 
 9.42000000e-01 -1.83464355e-14 
 9.45000000e-01 -1.85962357e-14 
 9.48000000e-01 -1.91791028e-14 
 9.51000000e-01 -1.90958360e-14 
 9.54000000e-01 -1.90125693e-14 
 9.57000000e-01 -1.91513472e-14 
 9.60000000e-01 -1.89015470e-14 
 9.63000000e-01 -1.96509475e-14 
 9.66000000e-01 -1.98174810e-14 
 9.69000000e-01 -2.03725925e-14 
 9.72000000e-01 -2.04003481e-14 
 9.75000000e-01 -2.03170814e-14 
 9.78000000e-01 -2.06501483e-14 
 9.81000000e-01 -2.07056594e-14 
 9.84000000e-01 -2.07611706e-14 
 9.87000000e-01 -2.11497486e-14 
 9.90000000e-01 -2.09277040e-14 
 9.93000000e-01 -2.17326157e-14 
 9.96000000e-01 -2.16493490e-14 
 9.99000000e-01 -2.18713936e-14 
 1.00200000e+00 -2.19269047e-14 
 1.00500000e+00 -2.17603713e-14 
 1.00800000e+00 -2.25652830e-14 
 1.01100000e+00 -2.29538610e-14 
 1.01400000e+00 -2.29261055e-14 
 1.01700000e+00 -2.26763053e-14 
 1.02000000e+00 -2.31759056e-14 
 1.02300000e+00 -2.29816166e-14 
 1.02600000e+00 -2.36755060e-14 
 1.02900000e+00 -2.35922393e-14 
 1.03200000e+00 -2.35089725e-14 
 1.03500000e+00 -2.40918396e-14 
 1.03800000e+00 -2.41195952e-14 
 1.04100000e+00 -2.43416398e-14 
 1.04400000e+00 -2.43693954e-14 
 1.04700000e+00 -2.44526621e-14 
 1.05000000e+00 -2.47302179e-14 
 1.05300000e+00 -2.46747067e-14 
 1.05600000e+00 -2.52853294e-14 
 1.05900000e+00 -2.48689958e-14 
 1.06200000e+00 -2.46469511e-14 
 1.06500000e+00 -2.53408405e-14 
 1.06800000e+00 -2.54241073e-14 
 1.07100000e+00 -2.55906407e-14 
 1.07400000e+00 -2.57571742e-14 
 1.07700000e+00 -2.57571742e-14 
 1.08000000e+00 -2.64233080e-14 
 1.08300000e+00 -2.62290190e-14 
 1.08600000e+00 -2.68396416e-14 
 1.08900000e+00 -2.70061751e-14 
 1.09200000e+00 -2.74502643e-14 
 1.09500000e+00 -2.70616862e-14 
 1.09800000e+00 -2.73947531e-14 
 1.10100000e+00 -2.83661983e-14 
 1.10400000e+00 -2.81719092e-14 
 1.10700000e+00 -2.79221091e-14 
 1.11000000e+00 -2.75612866e-14 
 1.11300000e+00 -2.86437540e-14 
 1.11600000e+00 -2.87825319e-14 
 1.11900000e+00 -2.90323321e-14 
 1.12200000e+00 -2.88657986e-14 
 1.12500000e+00 -2.92266211e-14 
 1.12800000e+00 -2.90600877e-14 
 1.13100000e+00 -2.97539771e-14 
 1.13400000e+00 -2.97262215e-14 
 1.13700000e+00 -2.98094882e-14 
 1.14000000e+00 -3.03645997e-14 
 1.14300000e+00 -2.99760217e-14 
 1.14600000e+00 -3.03923553e-14 
 1.14900000e+00 -3.00870440e-14 
 1.15200000e+00 -3.02813330e-14 
 1.15500000e+00 -3.04201109e-14 
 1.15800000e+00 -3.03090886e-14 
 1.16100000e+00 -3.06699111e-14 
 1.16400000e+00 -3.13082893e-14 
 1.16700000e+00 -3.12805337e-14 
 1.17000000e+00 -3.19466675e-14 
 1.17300000e+00 -3.15580895e-14 
 1.17600000e+00 -3.20021787e-14 
 1.17900000e+00 -3.20021787e-14 
 1.18200000e+00 -3.16968674e-14 
 1.18500000e+00 -3.16136006e-14 
 1.18800000e+00 -3.23352456e-14 
 1.19100000e+00 -3.32789352e-14 
 1.19400000e+00 -3.30568906e-14 
 1.19700000e+00 -3.32234240e-14 
 1.20000000e+00 -3.32789352e-14 
 1.20300000e+00 -3.31401573e-14 
 1.20600000e+00 -3.37507799e-14 
 1.20900000e+00 -3.35842465e-14 
 1.21200000e+00 -3.37230244e-14 
 1.21500000e+00 -3.44169138e-14 
 1.21800000e+00 -3.46667139e-14 
 1.22100000e+00 -3.46112028e-14 
 1.22400000e+00 -3.44169138e-14 
 1.22700000e+00 -3.46944695e-14 
 1.23000000e+00 -3.50830476e-14 
 1.23300000e+00 -3.52495810e-14 
 1.23600000e+00 -3.51385587e-14 
 1.23900000e+00 -3.53328478e-14 
 1.24200000e+00 -3.62210262e-14 
 1.24500000e+00 -3.56381591e-14 
 1.24800000e+00 -3.56936702e-14 
 1.25100000e+00 -3.62210262e-14 
 1.25400000e+00 -3.64985819e-14 
 1.25700000e+00 -3.60544927e-14 
 1.26000000e+00 -3.63320485e-14 
 1.26300000e+00 -3.62487818e-14 
 1.26600000e+00 -3.61932706e-14 
 1.26900000e+00 -3.75810494e-14 
 1.27200000e+00 -3.74145159e-14 
 1.27500000e+00 -3.71924713e-14 
 1.27800000e+00 -3.75532938e-14 
 1.28100000e+00 -3.76088050e-14 
 1.28400000e+00 -3.82749388e-14 
 1.28700000e+00 -3.80251386e-14 
 1.29000000e+00 -3.77475828e-14 
 1.29300000e+00 -3.84692278e-14 
 1.29600000e+00 -3.87467836e-14 
 1.29900000e+00 -3.88578059e-14 
 1.30200000e+00 -3.89133170e-14 
 1.30500000e+00 -3.91076060e-14 
 1.30800000e+00 -3.98570066e-14 
 1.31100000e+00 -3.99680289e-14 
 1.31400000e+00 -4.02733402e-14 
 1.31700000e+00 -3.98014954e-14 
 1.32000000e+00 -4.03010958e-14 
 1.32300000e+00 -4.06619183e-14 
 1.32600000e+00 -4.05786516e-14 
 1.32900000e+00 -4.06341627e-14 
 1.33200000e+00 -4.04121181e-14 
 1.33500000e+00 -4.14668300e-14 
 1.33800000e+00 -4.19109192e-14 
 1.34100000e+00 -4.14668300e-14 
 1.34400000e+00 -4.16611190e-14 
 1.34700000e+00 -4.20219415e-14 
 1.35000000e+00 -4.21607194e-14 
 1.35300000e+00 -4.21884749e-14 
 1.35600000e+00 -4.24382751e-14 
 1.35900000e+00 -4.23827640e-14 
 1.36200000e+00 -4.27158309e-14 
 1.36500000e+00 -4.26603197e-14 
 1.36800000e+00 -4.32154312e-14 
 1.37100000e+00 -4.34652314e-14 
 1.37400000e+00 -4.32709424e-14 
 1.37700000e+00 -4.29656311e-14 
 1.38000000e+00 -4.32709424e-14 
 1.38300000e+00 -4.40480985e-14 
 1.38600000e+00 -4.42423875e-14 
 1.38900000e+00 -4.43256543e-14 
 1.39200000e+00 -4.49917881e-14 
 1.39500000e+00 -4.46032100e-14 
 1.39800000e+00 -4.46587212e-14 
 1.40100000e+00 -4.49917881e-14 
 1.40400000e+00 -4.49085213e-14 
 1.40700000e+00 -4.47697435e-14 
 1.41000000e+00 -4.46587212e-14 
 1.41300000e+00 -4.49640325e-14 
 1.41600000e+00 -4.52970994e-14 
 1.41900000e+00 -4.55746552e-14 
 1.42200000e+00 -4.64905892e-14 
 1.42500000e+00 -4.67959005e-14 
 1.42800000e+00 -4.67681449e-14 
 1.43100000e+00 -4.67959005e-14 
 1.43400000e+00 -4.64073224e-14 
 1.43700000e+00 -4.72399897e-14 
 1.44000000e+00 -4.69901895e-14 
 1.44300000e+00 -4.68791672e-14 
 1.44600000e+00 -4.66293670e-14 
 1.44900000e+00 -4.73787676e-14 
 1.45200000e+00 -4.78506124e-14 
 1.45500000e+00 -4.80171458e-14 
 1.45800000e+00 -4.84057239e-14 
 1.46100000e+00 -4.81559237e-14 
 1.46400000e+00 -4.89608354e-14 
 1.46700000e+00 -4.88220575e-14 
 1.47000000e+00 -4.86277685e-14 
 1.47300000e+00 -4.90996133e-14 
 1.47600000e+00 -4.96269692e-14 
 1.47900000e+00 -4.92106356e-14 
 1.48200000e+00 -4.97379915e-14 
 1.48500000e+00 -4.95992136e-14 
 1.48800000e+00 -4.92661467e-14 
 1.49100000e+00 -5.01820807e-14 
 1.49400000e+00 -4.97657471e-14 
 1.49700000e+00 -4.98490138e-14 
 1.50000000e+00 -5.01265696e-14 
 1.50300000e+00 -5.04873920e-14 
 1.50600000e+00 -5.07649478e-14 
 1.50900000e+00 -5.10702591e-14 
 1.51200000e+00 -5.07927034e-14 
 1.51500000e+00 -5.07094366e-14 
 1.51800000e+00 -5.17919041e-14 
 1.52100000e+00 -5.19861931e-14 
 1.52400000e+00 -5.19029264e-14 
 1.52700000e+00 -5.17641485e-14 
 1.53000000e+00 -5.20417043e-14 
 1.53300000e+00 -5.20417043e-14 
 1.53600000e+00 -5.28743715e-14 
 1.53900000e+00 -5.24302823e-14 
 1.54200000e+00 -5.25135491e-14 
 1.54500000e+00 -5.35405054e-14 
 1.54800000e+00 -5.37070388e-14 
 1.55100000e+00 -5.33462163e-14 
 1.55400000e+00 -5.39013278e-14 
 1.55700000e+00 -5.36237721e-14 
 1.56000000e+00 -5.36792832e-14 
 1.56300000e+00 -5.38458167e-14 
 1.56600000e+00 -5.40123501e-14 
 1.56900000e+00 -5.41788836e-14 
 1.57200000e+00 -5.53446178e-14 
 1.57500000e+00 -5.60107516e-14 
 1.57800000e+00 -5.52891066e-14 
 1.58100000e+00 -5.60107516e-14 
 1.58400000e+00 -5.55666624e-14 
 1.58700000e+00 -5.52891066e-14 
 1.59000000e+00 -5.52891066e-14 
 1.59300000e+00 -5.52891066e-14 
 1.59600000e+00 -5.68434189e-14 
 1.59900000e+00 -5.50670620e-14 
 1.60200000e+00 -5.65103520e-14 
 1.60500000e+00 -5.74540415e-14 
 1.60800000e+00 -5.70099523e-14 
 1.61100000e+00 -5.72875081e-14 
 1.61400000e+00 -5.72319969e-14 
 1.61700000e+00 -5.67879077e-14 
 1.62000000e+00 -5.70099523e-14 
 1.62300000e+00 -5.76760861e-14 
 1.62600000e+00 -5.77871084e-14 
 1.62900000e+00 -5.87863092e-14 
 1.63200000e+00 -5.90638649e-14 
 1.63500000e+00 -5.90083538e-14 
 1.63800000e+00 -5.85642645e-14 
 1.64100000e+00 -5.81756865e-14 
 1.64400000e+00 -5.79536419e-14 
 1.64700000e+00 -5.77315973e-14 
 1.65000000e+00 -6.03961325e-14 
 1.65300000e+00 -6.08402217e-14 
 1.65600000e+00 -6.03961325e-14 
 1.65900000e+00 -6.02295991e-14 
 1.66200000e+00 -5.97855099e-14 
 1.66500000e+00 -6.03961325e-14 
 1.66800000e+00 -6.01740879e-14 
 1.67100000e+00 -5.97299987e-14 
 1.67400000e+00 -5.99520433e-14 
 1.67700000e+00 -6.11732887e-14 
 1.68000000e+00 -6.07847106e-14 
 1.68300000e+00 -6.11177775e-14 
 1.68600000e+00 -6.02295991e-14 
 1.68900000e+00 -6.16728890e-14 
 1.69200000e+00 -6.20614671e-14 
 1.69500000e+00 -6.16728890e-14 
 1.69800000e+00 -6.17839113e-14 
 1.70100000e+00 -6.13398221e-14 
 1.70400000e+00 -6.23945340e-14 
 1.70700000e+00 -6.19504448e-14 
 1.71000000e+00 -6.25055563e-14 
 1.71300000e+00 -6.23390228e-14 
 1.71600000e+00 -6.20059559e-14 
 1.71900000e+00 -6.28386232e-14 
 1.72200000e+00 -6.29496455e-14 
 1.72500000e+00 -6.29496455e-14 
 1.72800000e+00 -6.31161789e-14 
 1.73100000e+00 -6.41153797e-14 
 1.73400000e+00 -6.37268016e-14 
 1.73700000e+00 -6.38933351e-14 
 1.74000000e+00 -6.43929354e-14 
 1.74300000e+00 -6.42264020e-14 
 1.74600000e+00 -6.50035581e-14 
 1.74900000e+00 -6.45594689e-14 
 1.75200000e+00 -6.45594689e-14 
 1.75500000e+00 -6.46704912e-14 
 1.75800000e+00 -6.54476473e-14 
 1.76100000e+00 -6.50035581e-14 
 1.76400000e+00 -6.60027588e-14 
 1.76700000e+00 -6.60027588e-14 
 1.77000000e+00 -6.62803146e-14 
 1.77300000e+00 -6.58362254e-14 
 1.77600000e+00 -6.64468480e-14 
 1.77900000e+00 -6.60027588e-14 
 1.78200000e+00 -6.62803146e-14 
 1.78500000e+00 -6.71684930e-14 
 1.78800000e+00 -6.78346268e-14 
 1.79100000e+00 -6.76125822e-14 
 1.79400000e+00 -6.73350264e-14 
 1.79700000e+00 -6.72795153e-14 
 1.80000000e+00 -6.76125822e-14 
 1.80300000e+00 -6.82232049e-14 
 1.80600000e+00 -6.82787160e-14 
 1.80900000e+00 -6.73905376e-14 
 1.81200000e+00 -6.87783164e-14 
 1.81500000e+00 -6.97220059e-14 
 1.81800000e+00 -6.83897383e-14 
 1.82100000e+00 -6.88893387e-14 
 1.82400000e+00 -6.98330282e-14 
 1.82700000e+00 -6.93889390e-14 
 1.83000000e+00 -6.99995617e-14 
 1.83300000e+00 -6.85562718e-14 
 1.83600000e+00 -7.06656955e-14 
 1.83900000e+00 -7.03881398e-14 
 1.84200000e+00 -7.02216063e-14 
 1.84500000e+00 -7.13873405e-14 
 1.84800000e+00 -7.09432513e-14 
 1.85100000e+00 -7.07212067e-14 
 1.85400000e+00 -7.06656955e-14 
 1.85700000e+00 -7.02216063e-14 
 1.86000000e+00 -7.12763182e-14 
 1.86300000e+00 -7.15538739e-14 
 1.86600000e+00 -7.11097847e-14 
 1.86900000e+00 -7.12763182e-14 
 1.87200000e+00 -7.17204074e-14 
 1.87500000e+00 -7.23310301e-14 
 1.87800000e+00 -7.28306304e-14 
 1.88100000e+00 -7.23865412e-14 
 1.88400000e+00 -7.30526750e-14 
 1.88700000e+00 -7.19979631e-14 
 1.89000000e+00 -7.26085858e-14 
 1.89300000e+00 -7.34412531e-14 
 1.89600000e+00 -7.39408534e-14 
 1.89900000e+00 -7.41073869e-14 
 1.90200000e+00 -7.41073869e-14 
 1.90500000e+00 -7.37188088e-14 
 1.90800000e+00 -7.36632977e-14 
 1.91100000e+00 -7.32747196e-14 
 1.91400000e+00 -7.45514761e-14 
 1.91700000e+00 -7.56616991e-14 
 1.92000000e+00 -7.46624984e-14 
 1.92300000e+00 -7.53286322e-14 
 1.92600000e+00 -7.58837437e-14 
 1.92900000e+00 -7.58837437e-14 
 1.93200000e+00 -7.58282326e-14 
 1.93500000e+00 -7.53841434e-14 
 1.93800000e+00 -7.60502772e-14 
 1.94100000e+00 -7.68829445e-14 
 1.94400000e+00 -7.64388552e-14 
 1.94700000e+00 -7.61057883e-14 
 1.95000000e+00 -7.70494779e-14 
 1.95300000e+00 -7.57727214e-14 
 1.95600000e+00 -7.72160114e-14 
 1.95900000e+00 -7.67719222e-14 
 1.96200000e+00 -7.71605002e-14 
 1.96500000e+00 -7.77156117e-14 
 1.96800000e+00 -7.77156117e-14 
 1.97100000e+00 -7.74935671e-14 
 1.97400000e+00 -7.70494779e-14 
 1.97700000e+00 -7.78821452e-14 
 1.98000000e+00 -7.88258347e-14 
 1.98300000e+00 -7.88258347e-14 
 1.98600000e+00 -7.96585020e-14 
 1.98900000e+00 -7.87703236e-14 
 1.99200000e+00 -7.94364574e-14 
 1.99500000e+00 -7.96585020e-14 
 1.99800000e+00 -7.92144128e-14 
 2.00100000e+00 -7.96585020e-14 
 2.00400000e+00 -8.00470801e-14 
 2.00700000e+00 -8.23230373e-14 
 2.01000000e+00 -7.96585020e-14 
 2.01300000e+00 -7.94919686e-14 
 2.01600000e+00 -7.96585020e-14 
 2.01900000e+00 -8.07132139e-14 
 2.02200000e+00 -8.09907696e-14 
 2.02500000e+00 -8.09352585e-14 
 2.02800000e+00 -8.02691247e-14 
 2.03100000e+00 -8.13793477e-14 
 2.03400000e+00 -8.08797473e-14 
 2.03700000e+00 -8.14903700e-14 
 2.04000000e+00 -8.27671265e-14 
 2.04300000e+00 -8.32112157e-14 
 2.04600000e+00 -8.37663272e-14 
 2.04900000e+00 -8.34887715e-14 
 2.05200000e+00 -8.32112157e-14 
 2.05500000e+00 -8.43769499e-14 
 2.05800000e+00 -8.43769499e-14 
 2.06100000e+00 -8.31557045e-14 
 2.06400000e+00 -8.35997938e-14 
 2.06700000e+00 -8.31557045e-14 
 2.07000000e+00 -8.38218384e-14 
 2.07300000e+00 -8.42659276e-14 
 2.07600000e+00 -8.42659276e-14 
 2.07900000e+00 -8.48210391e-14 
 2.08200000e+00 -8.42659276e-14 
 2.08500000e+00 -8.43214387e-14 
 2.08800000e+00 -8.43214387e-14 
 2.09100000e+00 -8.43769499e-14 
 2.09400000e+00 -8.48765502e-14 
 2.09700000e+00 -8.45434833e-14 
 2.10000000e+00 -8.48765502e-14 
 2.10300000e+00 -8.54316617e-14 
 2.10600000e+00 -8.49875725e-14 
 2.10900000e+00 -8.53206394e-14 
 2.11200000e+00 -8.53206394e-14 
 2.11500000e+00 -8.80961970e-14 
 2.11800000e+00 -8.72080186e-14 
 2.12100000e+00 -8.80961970e-14 
 2.12400000e+00 -8.69859740e-14 
 2.12700000e+00 -8.67084182e-14 
 2.13000000e+00 -8.90398866e-14 
 2.13300000e+00 -8.66529071e-14 
 2.13600000e+00 -8.80961970e-14 
 2.13900000e+00 -8.90398866e-14 
 2.14200000e+00 -8.70969963e-14 
 2.14500000e+00 -8.87623308e-14 
 2.14800000e+00 -8.87623308e-14 
 2.15100000e+00 -8.87623308e-14 
 2.15400000e+00 -8.90398866e-14 
 2.15700000e+00 -8.90398866e-14 
 2.16000000e+00 -8.90398866e-14 
 2.16300000e+00 -8.93174423e-14 
 2.16600000e+00 -8.92619312e-14 
 2.16900000e+00 -8.93174423e-14 
 2.17200000e+00 -9.02056208e-14 
 2.17500000e+00 -8.92619312e-14 
 2.17800000e+00 -9.03721542e-14 
 2.18100000e+00 -9.10382880e-14 
 2.18400000e+00 -9.10382880e-14 
 2.18700000e+00 -9.13713549e-14 
 2.19000000e+00 -9.10382880e-14 
 2.19300000e+00 -9.10382880e-14 
 2.19600000e+00 -9.32587341e-14 
 2.19900000e+00 -9.23705556e-14 
 2.20200000e+00 -9.32032229e-14 
 2.20500000e+00 -9.23150445e-14 
 2.20800000e+00 -9.32032229e-14 
 2.21100000e+00 -9.22595333e-14 
 2.21400000e+00 -9.32587341e-14 
 2.21700000e+00 -9.32587341e-14 
 2.22000000e+00 -9.33697564e-14 
 2.22300000e+00 -9.32587341e-14 
 2.22600000e+00 -9.32587341e-14 
 2.22900000e+00 -9.22595333e-14 
 2.23200000e+00 -9.27036226e-14 
 2.23500000e+00 -9.19819776e-14 
 2.23800000e+00 -9.40358902e-14 
 2.24100000e+00 -9.42024236e-14 
 2.24400000e+00 -9.41469125e-14 
 2.24700000e+00 -9.42024236e-14 
 2.25000000e+00 -9.41469125e-14 
 2.25300000e+00 -9.44244682e-14 
 2.25600000e+00 -9.42024236e-14 
 2.25900000e+00 -9.53126467e-14 
 2.26200000e+00 -9.53126467e-14 
 2.26500000e+00 -9.53126467e-14 
 2.26800000e+00 -9.53126467e-14 
 2.27100000e+00 -9.62008251e-14 
 2.27400000e+00 -9.62008251e-14 
 2.27700000e+00 -9.66449143e-14 
 2.28000000e+00 -9.53126467e-14 
 2.28300000e+00 -9.66449143e-14 
 2.28600000e+00 -9.81437154e-14 
 2.28900000e+00 -9.94759830e-14 
 2.29200000e+00 -9.59787805e-14 
 2.29500000e+00 -9.72000258e-14 
 2.29800000e+00 -9.63118474e-14 
 2.30100000e+00 -9.98645611e-14 
 2.30400000e+00 -9.94204719e-14 
 2.30700000e+00 -9.98645611e-14 
 2.31000000e+00 -9.89208715e-14 
 2.31300000e+00 -9.98645611e-14 
 2.31600000e+00 -9.94204719e-14 
 2.31900000e+00 -9.98645611e-14 
 2.32200000e+00 -1.00697228e-13 
 2.32500000e+00 -1.00197628e-13 
 2.32800000e+00 -9.94204719e-14 
 2.33100000e+00 -9.99200722e-14 
 2.33400000e+00 -1.00752739e-13 
 2.33700000e+00 -9.98645611e-14 
 2.34000000e+00 -1.00752739e-13 
 2.34300000e+00 -1.00308650e-13 
 2.34600000e+00 -1.00919273e-13 
 2.34900000e+00 -1.00419673e-13 
 2.35200000e+00 -1.00863762e-13 
 2.35500000e+00 -1.00419673e-13 
 2.35800000e+00 -1.01807451e-13 
 2.36100000e+00 -1.00919273e-13 
 2.36400000e+00 -1.01696429e-13 
 2.36700000e+00 -1.01751940e-13 
 2.37000000e+00 -1.01363362e-13 
 2.37300000e+00 -1.00919273e-13 
 2.37600000e+00 -1.02085007e-13 
 2.37900000e+00 -1.03306252e-13 
 2.38200000e+00 -1.02862163e-13 
 2.38500000e+00 -1.03306252e-13 
 2.38800000e+00 -1.02806652e-13 
 2.39100000e+00 -1.03250741e-13 
 2.39400000e+00 -1.04194431e-13 
 2.39700000e+00 -1.03750342e-13 
 2.40000000e+00 -1.04194431e-13 
 2.40300000e+00 -1.04638520e-13 
 2.40600000e+00 -1.05138120e-13 
 2.40900000e+00 -1.03750342e-13 
 2.41200000e+00 -1.05304654e-13 
 2.41500000e+00 -1.04638520e-13 
 2.41800000e+00 -1.06081810e-13 
 2.42100000e+00 -1.06081810e-13 
 2.42400000e+00 -1.06081810e-13 
 2.42700000e+00 -1.08191234e-13 
 2.43000000e+00 -1.06636922e-13 
 2.43300000e+00 -1.08135723e-13 
 2.43600000e+00 -1.07247544e-13 
 2.43900000e+00 -1.08135723e-13 
 2.44200000e+00 -1.07802656e-13 
 2.44500000e+00 -1.08135723e-13 
 2.44800000e+00 -1.06636922e-13 
 2.45100000e+00 -1.08246745e-13 
 2.45400000e+00 -1.07525100e-13 
 2.45700000e+00 -1.07636122e-13 
 2.46000000e+00 -1.07192033e-13 
 2.46300000e+00 -1.08579812e-13 
 2.46600000e+00 -1.08135723e-13 
 2.46900000e+00 -1.08746345e-13 
 2.47200000e+00 -1.09190434e-13 
 2.47500000e+00 -1.08857368e-13 
 2.47800000e+00 -1.09301457e-13 
 2.48100000e+00 -1.08857368e-13 
 2.48400000e+00 -1.10522702e-13 
 2.48700000e+00 -1.10522702e-13 
 2.49000000e+00 -1.09190434e-13 
 2.49300000e+00 -1.10245146e-13 
 2.49600000e+00 -1.10966791e-13 
 2.49900000e+00 -1.10134124e-13 
 2.50200000e+00 -1.11133325e-13 
 2.50500000e+00 -1.11743947e-13 
 2.50800000e+00 -1.11133325e-13 
 2.51100000e+00 -1.10245146e-13 
 2.51400000e+00 -1.13076215e-13 
 2.51700000e+00 -1.11743947e-13 
 2.52000000e+00 -1.13076215e-13 
 2.52300000e+00 -1.13187237e-13 
 2.52600000e+00 -1.13187237e-13 
 2.52900000e+00 -1.11743947e-13 
 2.53200000e+00 -1.14019905e-13 
 2.53500000e+00 -1.13686838e-13 
 2.53800000e+00 -1.14019905e-13 
 2.54100000e+00 -1.13686838e-13 
 2.54400000e+00 -1.14130927e-13 
 2.54700000e+00 -1.15463195e-13 
 2.55000000e+00 -1.13742349e-13 
 2.55300000e+00 -1.15518706e-13 
 2.55600000e+00 -1.14130927e-13 
 2.55900000e+00 -1.15518706e-13 
 2.56200000e+00 -1.14130927e-13 
 2.56500000e+00 -1.15463195e-13 
 2.56800000e+00 -1.14130927e-13 
 2.57100000e+00 -1.16573418e-13 
 2.57400000e+00 -1.15685239e-13 
 2.57700000e+00 -1.17017507e-13 
 2.58000000e+00 -1.16129328e-13 
 2.58300000e+00 -1.17017507e-13 
 2.58600000e+00 -1.16073817e-13 
 2.58900000e+00 -1.17017507e-13 
 2.59200000e+00 -1.16961996e-13 
 2.59500000e+00 -1.17128529e-13 
 2.59800000e+00 -1.16684440e-13 
 2.60100000e+00 -1.18460797e-13 
 2.60400000e+00 -1.18516308e-13 
 2.60700000e+00 -1.18460797e-13 
 2.61000000e+00 -1.18682841e-13 
 2.61300000e+00 -1.19959598e-13 
 2.61600000e+00 -1.18682841e-13 
 2.61900000e+00 -1.20237154e-13 
 2.62200000e+00 -1.20847776e-13 
 2.62500000e+00 -1.20792265e-13 
 2.62800000e+00 -1.21680443e-13 
 2.63100000e+00 -1.20292665e-13 
 2.63400000e+00 -1.20792265e-13 
 2.63700000e+00 -1.19904087e-13 
 2.64000000e+00 -1.21624932e-13 
 2.64300000e+00 -1.21180843e-13 
 2.64600000e+00 -1.22124533e-13 
 2.64900000e+00 -1.21236354e-13 
 2.65200000e+00 -1.22069022e-13 
 2.65500000e+00 -1.21902488e-13 
 2.65800000e+00 -1.23234756e-13 
 2.66100000e+00 -1.22291066e-13 
 2.66400000e+00 -1.23234756e-13 
 2.66700000e+00 -1.22402088e-13 
 2.67000000e+00 -1.23179245e-13 
 2.67300000e+00 -1.22346577e-13 
 2.67600000e+00 -1.23623334e-13 
 2.67900000e+00 -1.23623334e-13 
 2.68200000e+00 -1.23234756e-13 
 2.68500000e+00 -1.23900890e-13 
 2.68800000e+00 -1.23900890e-13 
 2.69100000e+00 -1.23900890e-13 
 2.69400000e+00 -1.23623334e-13 
 2.69700000e+00 -1.24955601e-13 
 2.70000000e+00 -1.23900890e-13 
 2.70300000e+00 -1.26787469e-13 
 2.70600000e+00 -1.25344179e-13 
 2.70900000e+00 -1.25344179e-13 
 2.71200000e+00 -1.25399691e-13 
 2.71500000e+00 -1.25288668e-13 
 2.71800000e+00 -1.26065824e-13 
 2.72100000e+00 -1.26954003e-13 
 2.72400000e+00 -1.27065025e-13 
 2.72700000e+00 -1.28397293e-13 
 2.73000000e+00 -1.27897692e-13 
 2.73300000e+00 -1.28397293e-13 
 2.73600000e+00 -1.28508315e-13 
 2.73900000e+00 -1.29618538e-13 
 2.74200000e+00 -1.29951605e-13 
 2.74500000e+00 -1.29951605e-13 
 2.74800000e+00 -1.29951605e-13 
 2.75100000e+00 -1.29618538e-13 
 2.75400000e+00 -1.29618538e-13 
 2.75700000e+00 -1.31394895e-13 
 2.76000000e+00 -1.29618538e-13 
 2.76300000e+00 -1.29618538e-13 
 2.76600000e+00 -1.31283873e-13 
 2.76900000e+00 -1.31394895e-13 
 2.77200000e+00 -1.32949207e-13 
 2.77500000e+00 -1.31061828e-13 
 2.77800000e+00 -1.32005518e-13 
 2.78100000e+00 -1.31783473e-13 
 2.78400000e+00 -1.32227562e-13 
 2.78700000e+00 -1.31783473e-13 
 2.79000000e+00 -1.32227562e-13 
 2.79300000e+00 -1.31783473e-13 
 2.79600000e+00 -1.32227562e-13 
 2.79900000e+00 -1.33948408e-13 
 2.80200000e+00 -1.33171252e-13 
 2.80500000e+00 -1.33837386e-13 
 2.80800000e+00 -1.34281475e-13 
 2.81100000e+00 -1.33837386e-13 
 2.81400000e+00 -1.34281475e-13 
 2.81700000e+00 -1.33781874e-13 
 2.82000000e+00 -1.35391698e-13 
 2.82300000e+00 -1.36057832e-13 
 2.82600000e+00 -1.35891298e-13 
 2.82900000e+00 -1.35447209e-13 
 2.83200000e+00 -1.35891298e-13 
 2.83500000e+00 -1.36335387e-13 
 2.83800000e+00 -1.35502720e-13 
 2.84100000e+00 -1.36057832e-13 
 2.84400000e+00 -1.36335387e-13 
 2.84700000e+00 -1.36834988e-13 
 2.85000000e+00 -1.36834988e-13 
 2.85300000e+00 -1.37334588e-13 
 2.85600000e+00 -1.37057032e-13 
 2.85900000e+00 -1.38944412e-13 
 2.86200000e+00 -1.38500322e-13 
 2.86500000e+00 -1.38944412e-13 
 2.86800000e+00 -1.38500322e-13 
 2.87100000e+00 -1.38944412e-13 
 2.87400000e+00 -1.40332190e-13 
 2.87700000e+00 -1.40831791e-13 
 2.88000000e+00 -1.40387701e-13 
 2.88300000e+00 -1.41719969e-13 
 2.88600000e+00 -1.40443213e-13 
 2.88900000e+00 -1.42275081e-13 
 2.89200000e+00 -1.42663659e-13 
 2.89500000e+00 -1.41942014e-13 
 2.89800000e+00 -1.42663659e-13 
 2.90100000e+00 -1.42219569e-13 
 2.90400000e+00 -1.42663659e-13 
 2.90700000e+00 -1.43274281e-13 
 2.91000000e+00 -1.44606549e-13 
 2.91300000e+00 -1.42386103e-13 
 2.91600000e+00 -1.44606549e-13 
 2.91900000e+00 -1.43274281e-13 
 2.92200000e+00 -1.44495527e-13 
 2.92500000e+00 -1.43274281e-13 
 2.92800000e+00 -1.45439216e-13 
 2.93100000e+00 -1.43218770e-13 
 2.93400000e+00 -1.45827794e-13 
 2.93700000e+00 -1.45494727e-13 
 2.94000000e+00 -1.46826995e-13 
 2.94300000e+00 -1.45439216e-13 
 2.94600000e+00 -1.46993528e-13 
 2.94900000e+00 -1.47548640e-13 
 2.95200000e+00 -1.47049040e-13 
 2.95500000e+00 -1.47881707e-13 
 2.95800000e+00 -1.47104551e-13 
 2.96100000e+00 -1.48048240e-13 
 2.96400000e+00 -1.48547841e-13 
 2.96700000e+00 -1.48991930e-13 
 2.97000000e+00 -1.48492330e-13 
 2.97300000e+00 -1.48492330e-13 
 2.97600000e+00 -1.48603352e-13 
 2.97900000e+00 -1.49991131e-13 
 2.98200000e+00 -1.50435220e-13 
 2.98500000e+00 -1.51878510e-13 
 2.98800000e+00 -1.50157664e-13 
 2.99100000e+00 -1.52322599e-13 
 2.99400000e+00 -1.50490731e-13 
 2.99700000e+00 -1.52378110e-13 
 3.00000000e+00 -1.52211577e-13 
