 0.00000000e+00 -7.76525570e-22  0.00000000e+00  1.20061476e-112  0.00000000e+00 -3.66766133e-08 
 5.00000000e-03  3.19360020e-08  5.00000000e-03  4.27330529e-08  5.00000000e-03  6.84749857e-09 
 1.00000000e-02  6.32984403e-08  1.00000000e-02  8.43671083e-08  1.00000000e-02  4.92767576e-08 
 1.50000000e-02  9.40867495e-08  1.50000000e-02  1.24903902e-07  1.50000000e-02  9.06106720e-08 
 2.00000000e-02  1.24300398e-07  2.00000000e-02  1.64345457e-07  2.00000000e-02  1.30849354e-07 
 2.50000000e-02  1.53938893e-07  2.50000000e-02  2.02694111e-07  2.50000000e-02  1.69993511e-07 
 3.00000000e-02  1.83001781e-07  3.00000000e-02  2.39952544e-07  3.00000000e-02  2.08044458e-07 
 3.50000000e-02  2.11488654e-07  3.50000000e-02  2.76123808e-07  3.50000000e-02  2.45004128e-07 
 4.00000000e-02  2.39399157e-07  4.00000000e-02  3.11211357e-07  4.00000000e-02  2.80875085e-07 
 4.50000000e-02  2.66732988e-07  4.50000000e-02  3.45219083e-07  4.50000000e-02  3.15660546e-07 
 5.00000000e-02  2.93489908e-07  5.00000000e-02  3.78151349e-07  5.00000000e-02  3.49364395e-07 
 5.50000000e-02  3.19669744e-07  5.50000000e-02  4.10013033e-07  5.50000000e-02  3.81991210e-07 
 6.00000000e-02  3.45272400e-07  6.00000000e-02  4.40809558e-07  6.00000000e-02  4.13546285e-07 
 6.50000000e-02  3.70297860e-07  6.50000000e-02  4.70546944e-07  6.50000000e-02  4.44035660e-07 
 7.00000000e-02  3.94746197e-07  7.00000000e-02  4.99231845e-07  7.00000000e-02  4.73466143e-07 
 7.50000000e-02  4.18617584e-07  7.50000000e-02  5.26871597e-07  7.50000000e-02  5.01845348e-07 
 8.00000000e-02  4.41912301e-07  8.00000000e-02  5.53474263e-07  8.00000000e-02  5.29181719e-07 
 8.50000000e-02  4.64630748e-07  8.50000000e-02  5.79048681e-07  8.50000000e-02  5.55484563e-07 
 9.00000000e-02  4.86773452e-07  9.00000000e-02  6.03604515e-07  9.00000000e-02  5.80764081e-07 
 9.50000000e-02  5.08341084e-07  9.50000000e-02  6.27152296e-07  9.50000000e-02  6.05031398e-07 
 1.00000000e-01  5.29334467e-07  1.00000000e-01  6.49703476e-07  1.00000000e-01  6.28298589e-07 
 1.05000000e-01  5.49754596e-07  1.05000000e-01  6.71270467e-07  1.05000000e-01  6.50578707e-07 
 1.10000000e-01  5.69602647e-07  1.10000000e-01  6.91866693e-07  1.10000000e-01  6.71885801e-07 
 1.15000000e-01  5.88879996e-07  1.15000000e-01  7.11506622e-07  1.15000000e-01  6.92234936e-07 
 1.20000000e-01  6.07588239e-07  1.20000000e-01  7.30205804e-07  1.20000000e-01  7.11642202e-07 
 1.25000000e-01  6.25729206e-07  1.25000000e-01  7.47980906e-07  1.25000000e-01  7.30124721e-07 
 1.30000000e-01  6.43304982e-07  1.30000000e-01  7.64849726e-07  1.30000000e-01  7.47700645e-07 
 1.35000000e-01  6.60317928e-07  1.35000000e-01  7.80831217e-07  1.35000000e-01  7.64389146e-07 
 1.40000000e-01  6.76770705e-07  1.40000000e-01  7.95945486e-07  1.40000000e-01  7.80210398e-07 
 1.45000000e-01  6.92666292e-07  1.45000000e-01  8.10213790e-07  1.45000000e-01  7.95185550e-07 
 1.50000000e-01  7.08008014e-07  1.50000000e-01  8.23658518e-07  1.50000000e-01  8.09336693e-07 
 1.55000000e-01  7.22799562e-07  1.55000000e-01  8.36303158e-07  1.55000000e-01  8.22686815e-07 
 1.60000000e-01  7.37045023e-07  1.60000000e-01  8.48172247e-07  1.60000000e-01  8.35259752e-07 
 1.65000000e-01  7.50748901e-07  1.65000000e-01  8.59291312e-07  1.65000000e-01  8.47080133e-07 
 1.70000000e-01  7.63916142e-07  1.70000000e-01  8.69686783e-07  1.70000000e-01  8.58173310e-07 
 1.75000000e-01  7.76552161e-07  1.75000000e-01  8.79385905e-07  1.75000000e-01  8.68565302e-07 
 1.80000000e-01  7.88662863e-07  1.80000000e-01  8.88416617e-07  1.80000000e-01  8.78282715e-07 
 1.85000000e-01  8.00254667e-07  1.85000000e-01  8.96807430e-07  1.85000000e-01  8.87352675e-07 
 1.90000000e-01  8.11334524e-07  1.90000000e-01  9.04587286e-07  1.90000000e-01  8.95802750e-07 
 1.95000000e-01  8.21909938e-07  1.95000000e-01  9.11785407e-07  1.95000000e-01  9.03660877e-07 
 2.00000000e-01  8.31988978e-07  2.00000000e-01  9.18431138e-07  2.00000000e-01  9.10955277e-07 
 2.05000000e-01  8.41580290e-07  2.05000000e-01  9.24553792e-07  2.05000000e-01  9.17714374e-07 
 2.10000000e-01  8.50693102e-07  2.10000000e-01  9.30182490e-07  2.10000000e-01  9.23966706e-07 
 2.15000000e-01  8.59337228e-07  2.15000000e-01  9.35346013e-07  2.15000000e-01  9.29740821e-07 
 2.20000000e-01  8.67523063e-07  2.20000000e-01  9.40072661e-07  2.20000000e-01  9.35065170e-07 
 2.25000000e-01  8.75261574e-07  2.25000000e-01  9.44390137e-07  2.25000000e-01  9.39967984e-07 
 2.30000000e-01  8.82564286e-07  2.30000000e-01  9.48325436e-07  2.30000000e-01  9.44477140e-07 
 2.35000000e-01  8.89443259e-07  2.35000000e-01  9.51904769e-07  2.35000000e-01  9.48620014e-07 
 2.40000000e-01  8.95911063e-07  2.40000000e-01  9.55153497e-07  2.40000000e-01  9.52423327e-07 
 2.45000000e-01  9.01980750e-07  2.45000000e-01  9.58096092e-07  2.45000000e-01  9.55912991e-07 
 2.50000000e-01  9.07665813e-07  2.50000000e-01  9.60756113e-07  2.50000000e-01  9.59113952e-07 
 2.55000000e-01  9.12980155e-07  2.55000000e-01  9.63156194e-07  2.55000000e-01  9.62050051e-07 
 2.60000000e-01  9.17938041e-07  2.60000000e-01  9.65318038e-07  2.60000000e-01  9.64743894e-07 
 2.65000000e-01  9.22554061e-07  2.65000000e-01  9.67262407e-07  2.65000000e-01  9.67216755e-07 
 2.70000000e-01  9.26843085e-07  2.70000000e-01  9.69009109e-07  2.70000000e-01  9.69488501e-07 
 2.75000000e-01  9.30820222e-07  2.75000000e-01  9.70576974e-07  2.75000000e-01  9.71577548e-07 
 2.80000000e-01  9.34500772e-07  2.80000000e-01  9.71983815e-07  2.80000000e-01  9.73500846e-07 
 2.85000000e-01  9.37900184e-07  2.85000000e-01  9.73246381e-07  2.85000000e-01  9.75273897e-07 
 2.90000000e-01  9.41034007e-07  2.90000000e-01  9.74380309e-07  2.90000000e-01  9.76910793e-07 
 2.95000000e-01  9.43917838e-07  2.95000000e-01  9.75400081e-07  2.95000000e-01  9.78424275e-07 
 3.00000000e-01  9.46567265e-07  3.00000000e-01  9.76318985e-07  3.00000000e-01  9.79825805e-07 
 3.05000000e-01  9.48997797e-07  3.05000000e-01  9.77149104e-07  3.05000000e-01  9.81125658e-07 
 3.10000000e-01  9.51224791e-07  3.10000000e-01  9.77901329e-07  3.10000000e-01  9.82333007e-07 
 3.15000000e-01  9.53263366e-07  3.15000000e-01  9.78585383e-07  3.15000000e-01  9.83456024e-07 
 3.20000000e-01  9.55128310e-07  3.20000000e-01  9.79209881e-07  3.20000000e-01  9.84501964e-07 
 3.25000000e-01  9.56833982e-07  3.25000000e-01  9.79782402e-07  3.25000000e-01  9.85477263e-07 
 3.30000000e-01  9.58394215e-07  3.30000000e-01  9.80309567e-07  3.30000000e-01  9.86387620e-07 
 3.35000000e-01  9.59822218e-07  3.35000000e-01  9.80797134e-07  3.35000000e-01  9.87238077e-07 
 3.40000000e-01  9.61130501e-07  3.40000000e-01  9.81250091e-07  3.40000000e-01  9.88033097e-07 
 3.45000000e-01  9.62330797e-07  3.45000000e-01  9.81672741e-07  3.45000000e-01  9.88776625e-07 
 3.50000000e-01  9.63434019e-07  3.50000000e-01  9.82068793e-07  3.50000000e-01  9.89472156e-07 
 3.55000000e-01  9.64450231e-07  3.55000000e-01  9.82441438e-07  3.55000000e-01  9.90122788e-07 
 3.60000000e-01  9.65388633e-07  3.60000000e-01  9.82793419e-07  3.60000000e-01  9.90731272e-07 
 3.65000000e-01  9.66257581e-07  3.65000000e-01  9.83127097e-07  3.65000000e-01  9.91300063e-07 
 3.70000000e-01  9.67064604e-07  3.70000000e-01  9.83444504e-07  3.70000000e-01  9.91831355e-07 
 3.75000000e-01  9.67816455e-07  3.75000000e-01  9.83747393e-07  3.75000000e-01  9.92327127e-07 
 3.80000000e-01  9.68519153e-07  3.80000000e-01  9.84037276e-07  3.80000000e-01  9.92789172e-07 
 3.85000000e-01  9.69178044e-07  3.85000000e-01  9.84315462e-07  3.85000000e-01  9.93219137e-07 
 3.90000000e-01  9.69797858e-07  3.90000000e-01  9.84583089e-07  3.90000000e-01  9.93618547e-07 
 3.95000000e-01  9.70382770e-07  3.95000000e-01  9.84841143e-07  3.95000000e-01  9.93988837e-07 
 4.00000000e-01  9.70936456e-07  4.00000000e-01  9.85090487e-07  4.00000000e-01  9.94331380e-07 
 4.05000000e-01  9.71462150e-07  4.05000000e-01  9.85331875e-07  4.05000000e-01  9.94647507e-07 
 4.10000000e-01  9.71962697e-07  4.10000000e-01  9.85565968e-07  4.10000000e-01  9.94938529e-07 
 4.15000000e-01  9.72440593e-07  4.15000000e-01  9.85793348e-07  4.15000000e-01  9.95205756e-07 
 4.20000000e-01  9.72898038e-07  4.20000000e-01  9.86014530e-07  4.20000000e-01  9.95450511e-07 
 4.25000000e-01  9.73336962e-07  4.25000000e-01  9.86229970e-07  4.25000000e-01  9.95674134e-07 
 4.30000000e-01  9.73759070e-07  4.30000000e-01  9.86440071e-07  4.30000000e-01  9.95877990e-07 
 4.35000000e-01  9.74165862e-07  4.35000000e-01  9.86645195e-07  4.35000000e-01  9.96063464e-07 
 4.40000000e-01  9.74558664e-07  4.40000000e-01  9.86845665e-07  4.40000000e-01  9.96231950e-07 
 4.45000000e-01  9.74938652e-07  4.45000000e-01  9.87041771e-07  4.45000000e-01  9.96384844e-07 
 4.50000000e-01  9.75306865e-07  4.50000000e-01  9.87233771e-07  4.50000000e-01  9.96523522e-07 
 4.55000000e-01  9.75664231e-07  4.55000000e-01  9.87421903e-07  4.55000000e-01  9.96649325e-07 
 4.60000000e-01  9.76011571e-07  4.60000000e-01  9.87606378e-07  4.60000000e-01  9.96763541e-07 
 4.65000000e-01  9.76349624e-07  4.65000000e-01  9.87787391e-07  4.65000000e-01  9.96867389e-07 
 4.70000000e-01  9.76679047e-07  4.70000000e-01  9.87965116e-07  4.70000000e-01  9.96962006e-07 
 4.75000000e-01  9.77000431e-07  4.75000000e-01  9.88139715e-07  4.75000000e-01  9.97048439e-07 
 4.80000000e-01  9.77314309e-07  4.80000000e-01  9.88311334e-07  4.80000000e-01  9.97127639e-07 
 4.85000000e-01  9.77621159e-07  4.85000000e-01  9.88480109e-07  4.85000000e-01  9.97200464e-07 
 4.90000000e-01  9.77921414e-07  4.90000000e-01  9.88646164e-07  4.90000000e-01  9.97267678e-07 
 4.95000000e-01  9.78215469e-07  4.95000000e-01  9.88809613e-07  4.95000000e-01  9.97329955e-07 
 5.00000000e-01  9.78503678e-07  5.00000000e-01  9.88970563e-07  5.00000000e-01  9.97387891e-07 
 5.05000000e-01  9.78786367e-07  5.05000000e-01  9.89129111e-07  5.05000000e-01  9.97442003e-07 
 5.10000000e-01  9.79063832e-07  5.10000000e-01  9.89285348e-07  5.10000000e-01  9.97492745e-07 
 5.15000000e-01  9.79336346e-07  5.15000000e-01  9.89439360e-07  5.15000000e-01  9.97540509e-07 
 5.20000000e-01  9.79604155e-07  5.20000000e-01  9.89591225e-07  5.20000000e-01  9.97585635e-07 
 5.25000000e-01  9.79867489e-07  5.25000000e-01  9.89741018e-07  5.25000000e-01  9.97628420e-07 
 5.30000000e-01  9.80126559e-07  5.30000000e-01  9.89888807e-07  5.30000000e-01  9.97669119e-07 
 5.35000000e-01  9.80381558e-07  5.35000000e-01  9.90034658e-07  5.35000000e-01  9.97707954e-07 
 5.40000000e-01  9.80632667e-07  5.40000000e-01  9.90178632e-07  5.40000000e-01  9.97745117e-07 
 5.45000000e-01  9.80880052e-07  5.45000000e-01  9.90320786e-07  5.45000000e-01  9.97780776e-07 
 5.50000000e-01  9.81123867e-07  5.50000000e-01  9.90461174e-07  5.50000000e-01  9.97815077e-07 
 5.55000000e-01  9.81364256e-07  5.55000000e-01  9.90599847e-07  5.55000000e-01  9.97848146e-07 
 5.60000000e-01  9.81601355e-07  5.60000000e-01  9.90736855e-07  5.60000000e-01  9.97880095e-07 
 5.65000000e-01  9.81835286e-07  5.65000000e-01  9.90872241e-07  5.65000000e-01  9.97911021e-07 
 5.70000000e-01  9.82066169e-07  5.70000000e-01  9.91006051e-07  5.70000000e-01  9.97941010e-07 
 5.75000000e-01  9.82294112e-07  5.75000000e-01  9.91138325e-07  5.75000000e-01  9.97970139e-07 
 5.80000000e-01  9.82519219e-07  5.80000000e-01  9.91269102e-07  5.80000000e-01  9.97998473e-07 
 5.85000000e-01  9.82741585e-07  5.85000000e-01  9.91398421e-07  5.85000000e-01  9.98026072e-07 
 5.90000000e-01  9.82961302e-07  5.90000000e-01  9.91526315e-07  5.90000000e-01  9.98052988e-07 
 5.95000000e-01  9.83178457e-07  5.95000000e-01  9.91652820e-07  5.95000000e-01  9.98079269e-07 
 6.00000000e-01  9.83393129e-07  6.00000000e-01  9.91777968e-07  6.00000000e-01  9.98104957e-07 
 6.05000000e-01  9.83605395e-07  6.05000000e-01  9.91901790e-07  6.05000000e-01  9.98130089e-07 
 6.10000000e-01  9.83815328e-07  6.10000000e-01  9.92024315e-07  6.10000000e-01  9.98154701e-07 
 6.15000000e-01  9.84022995e-07  6.15000000e-01  9.92145573e-07  6.15000000e-01  9.98178821e-07 
 6.20000000e-01  9.84228463e-07  6.20000000e-01  9.92265590e-07  6.20000000e-01  9.98202478e-07 
 6.25000000e-01  9.84431793e-07  6.25000000e-01  9.92384392e-07  6.25000000e-01  9.98225698e-07 
 6.30000000e-01  9.84633044e-07  6.30000000e-01  9.92502006e-07  6.30000000e-01  9.98248503e-07 
 6.35000000e-01  9.84832271e-07  6.35000000e-01  9.92618454e-07  6.35000000e-01  9.98270914e-07 
 6.40000000e-01  9.85029528e-07  6.40000000e-01  9.92733761e-07  6.40000000e-01  9.98292950e-07 
 6.45000000e-01  9.85224865e-07  6.45000000e-01  9.92847949e-07  6.45000000e-01  9.98314629e-07 
 6.50000000e-01  9.85418331e-07  6.50000000e-01  9.92961039e-07  6.50000000e-01  9.98335967e-07 
 6.55000000e-01  9.85609972e-07  6.55000000e-01  9.93073053e-07  6.55000000e-01  9.98356979e-07 
 6.60000000e-01  9.85799832e-07  6.60000000e-01  9.93184010e-07  6.60000000e-01  9.98377678e-07 
 6.65000000e-01  9.85987954e-07  6.65000000e-01  9.93293930e-07  6.65000000e-01  9.98398078e-07 
 6.70000000e-01  9.86174378e-07  6.70000000e-01  9.93402832e-07  6.70000000e-01  9.98418191e-07 
 6.75000000e-01  9.86359144e-07  6.75000000e-01  9.93510735e-07  6.75000000e-01  9.98438026e-07 
 6.80000000e-01  9.86542288e-07  6.80000000e-01  9.93617655e-07  6.80000000e-01  9.98457594e-07 
 6.85000000e-01  9.86723846e-07  6.85000000e-01  9.93723609e-07  6.85000000e-01  9.98476906e-07 
 6.90000000e-01  9.86903852e-07  6.90000000e-01  9.93828615e-07  6.90000000e-01  9.98495969e-07 
 6.95000000e-01  9.87082340e-07  6.95000000e-01  9.93932688e-07  6.95000000e-01  9.98514793e-07 
 7.00000000e-01  9.87259342e-07  7.00000000e-01  9.94035845e-07  7.00000000e-01  9.98533385e-07 
 7.05000000e-01  9.87434888e-07  7.05000000e-01  9.94138099e-07  7.05000000e-01  9.98551752e-07 
 7.10000000e-01  9.87609007e-07  7.10000000e-01  9.94239465e-07  7.10000000e-01  9.98569901e-07 
 7.15000000e-01  9.87781728e-07  7.15000000e-01  9.94339959e-07  7.15000000e-01  9.98587840e-07 
 7.20000000e-01  9.87953078e-07  7.20000000e-01  9.94439593e-07  7.20000000e-01  9.98605573e-07 
 7.25000000e-01  9.88123085e-07  7.25000000e-01  9.94538380e-07  7.25000000e-01  9.98623108e-07 
 7.30000000e-01  9.88291772e-07  7.30000000e-01  9.94636336e-07  7.30000000e-01  9.98640449e-07 
 7.35000000e-01  9.88459166e-07  7.35000000e-01  9.94733470e-07  7.35000000e-01  9.98657601e-07 
 7.40000000e-01  9.88625290e-07  7.40000000e-01  9.94829797e-07  7.40000000e-01  9.98674571e-07 
 7.45000000e-01  9.88790166e-07  7.45000000e-01  9.94925329e-07  7.45000000e-01  9.98691362e-07 
 7.50000000e-01  9.88953817e-07  7.50000000e-01  9.95020076e-07  7.50000000e-01  9.98707978e-07 
 7.55000000e-01  9.89116266e-07  7.55000000e-01  9.95114050e-07  7.55000000e-01  9.98724426e-07 
 7.60000000e-01  9.89277532e-07  7.60000000e-01  9.95207263e-07  7.60000000e-01  9.98740707e-07 
 7.65000000e-01  9.89437636e-07  7.65000000e-01  9.95299726e-07  7.65000000e-01  9.98756827e-07 
 7.70000000e-01  9.89596597e-07  7.70000000e-01  9.95391448e-07  7.70000000e-01  9.98772789e-07 
 7.75000000e-01  9.89754435e-07  7.75000000e-01  9.95482441e-07  7.75000000e-01  9.98788597e-07 
 7.80000000e-01  9.89911168e-07  7.80000000e-01  9.95572715e-07  7.80000000e-01  9.98804254e-07 
 7.85000000e-01  9.90066814e-07  7.85000000e-01  9.95662278e-07  7.85000000e-01  9.98819763e-07 
 7.90000000e-01  9.90221390e-07  7.90000000e-01  9.95751142e-07  7.90000000e-01  9.98835127e-07 
 7.95000000e-01  9.90374914e-07  7.95000000e-01  9.95839315e-07  7.95000000e-01  9.98850350e-07 
 8.00000000e-01  9.90527401e-07  8.00000000e-01  9.95926807e-07  8.00000000e-01  9.98865435e-07 
 8.05000000e-01  9.90678867e-07  8.05000000e-01  9.96013626e-07  8.05000000e-01  9.98880384e-07 
 8.10000000e-01  9.90829329e-07  8.10000000e-01  9.96099782e-07  8.10000000e-01  9.98895200e-07 
 8.15000000e-01  9.90978800e-07  8.15000000e-01  9.96185282e-07  8.15000000e-01  9.98909885e-07 
 8.20000000e-01  9.91127297e-07  8.20000000e-01  9.96270136e-07  8.20000000e-01  9.98924442e-07 
 8.25000000e-01  9.91274832e-07  8.25000000e-01  9.96354352e-07  8.25000000e-01  9.98938874e-07 
 8.30000000e-01  9.91421421e-07  8.30000000e-01  9.96437938e-07  8.30000000e-01  9.98953183e-07 
 8.35000000e-01  9.91567076e-07  8.35000000e-01  9.96520901e-07  8.35000000e-01  9.98967370e-07 
 8.40000000e-01  9.91711811e-07  8.40000000e-01  9.96603249e-07  8.40000000e-01  9.98981439e-07 
 8.45000000e-01  9.91855638e-07  8.45000000e-01  9.96684990e-07  8.45000000e-01  9.98995391e-07 
 8.50000000e-01  9.91998570e-07  8.50000000e-01  9.96766132e-07  8.50000000e-01  9.99009229e-07 
 8.55000000e-01  9.92140619e-07  8.55000000e-01  9.96846681e-07  8.55000000e-01  9.99022954e-07 
 8.60000000e-01  9.92281797e-07  8.60000000e-01  9.96926646e-07  8.60000000e-01  9.99036568e-07 
 8.65000000e-01  9.92422117e-07  8.65000000e-01  9.97006031e-07  8.65000000e-01  9.99050073e-07 
 8.70000000e-01  9.92561588e-07  8.70000000e-01  9.97084846e-07  8.70000000e-01  9.99063471e-07 
 8.75000000e-01  9.92700222e-07  8.75000000e-01  9.97163096e-07  8.75000000e-01  9.99076763e-07 
 8.80000000e-01  9.92838030e-07  8.80000000e-01  9.97240788e-07  8.80000000e-01  9.99089952e-07 
 8.85000000e-01  9.92975023e-07  8.85000000e-01  9.97317928e-07  8.85000000e-01  9.99103039e-07 
 8.90000000e-01  9.93111210e-07  8.90000000e-01  9.97394523e-07  8.90000000e-01  9.99116025e-07 
 8.95000000e-01  9.93246602e-07  8.95000000e-01  9.97470579e-07  8.95000000e-01  9.99128912e-07 
 9.00000000e-01  9.93381209e-07  9.00000000e-01  9.97546102e-07  9.00000000e-01  9.99141702e-07 
 9.05000000e-01  9.93515039e-07  9.05000000e-01  9.97621098e-07  9.05000000e-01  9.99154396e-07 
 9.10000000e-01  9.93648104e-07  9.10000000e-01  9.97695574e-07  9.10000000e-01  9.99166995e-07 
 9.15000000e-01  9.93780411e-07  9.15000000e-01  9.97769534e-07  9.15000000e-01  9.99179501e-07 
 9.20000000e-01  9.93911970e-07  9.20000000e-01  9.97842985e-07  9.20000000e-01  9.99191915e-07 
 9.25000000e-01  9.94042790e-07  9.25000000e-01  9.97915931e-07  9.25000000e-01  9.99204239e-07 
 9.30000000e-01  9.94172879e-07  9.30000000e-01  9.97988380e-07  9.30000000e-01  9.99216474e-07 
 9.35000000e-01  9.94302245e-07  9.35000000e-01  9.98060336e-07  9.35000000e-01  9.99228620e-07 
 9.40000000e-01  9.94430897e-07  9.40000000e-01  9.98131804e-07  9.40000000e-01  9.99240679e-07 
 9.45000000e-01  9.94558843e-07  9.45000000e-01  9.98202789e-07  9.45000000e-01  9.99252653e-07 
 9.50000000e-01  9.94686091e-07  9.50000000e-01  9.98273298e-07  9.50000000e-01  9.99264543e-07 
 9.55000000e-01  9.94812649e-07  9.55000000e-01  9.98343334e-07  9.55000000e-01  9.99276349e-07 
 9.60000000e-01  9.94938523e-07  9.60000000e-01  9.98412903e-07  9.60000000e-01  9.99288073e-07 
 9.65000000e-01  9.95063722e-07  9.65000000e-01  9.98482010e-07  9.65000000e-01  9.99299715e-07 
 9.70000000e-01  9.95188253e-07  9.70000000e-01  9.98550659e-07  9.70000000e-01  9.99311278e-07 
 9.75000000e-01  9.95312123e-07  9.75000000e-01  9.98618856e-07  9.75000000e-01  9.99322762e-07 
 9.80000000e-01  9.95435339e-07  9.80000000e-01  9.98686604e-07  9.80000000e-01  9.99334167e-07 
 9.85000000e-01  9.95557908e-07  9.85000000e-01  9.98753909e-07  9.85000000e-01  9.99345495e-07 
 9.90000000e-01  9.95679836e-07  9.90000000e-01  9.98820775e-07  9.90000000e-01  9.99356747e-07 
 9.95000000e-01  9.95801130e-07  9.95000000e-01  9.98887206e-07  9.95000000e-01  9.99367925e-07 
 1.00000000e+00  9.95921797e-07  1.00000000e+00  9.98953207e-07  1.00000000e+00  9.99379027e-07 
 1.00500000e+00  9.96041844e-07  1.00500000e+00  9.99018782e-07  1.00500000e+00  9.99390057e-07 
 1.01000000e+00  9.96161275e-07  1.01000000e+00  9.99083936e-07  1.01000000e+00  9.99401013e-07 
 1.01500000e+00  9.96280098e-07  1.01500000e+00  9.99148672e-07  1.01500000e+00  9.99411898e-07 
 1.02000000e+00  9.96398318e-07  1.02000000e+00  9.99212995e-07  1.02000000e+00  9.99422713e-07 
 1.02500000e+00  9.96515941e-07  1.02500000e+00  9.99276909e-07  1.02500000e+00  9.99433457e-07 
 1.03000000e+00  9.96632974e-07  1.03000000e+00  9.99340417e-07  1.03000000e+00  9.99444132e-07 
 1.03500000e+00  9.96749421e-07  1.03500000e+00  9.99403524e-07  1.03500000e+00  9.99454739e-07 
 1.04000000e+00  9.96865289e-07  1.04000000e+00  9.99466234e-07  1.04000000e+00  9.99465278e-07 
 1.04500000e+00  9.96980582e-07  1.04500000e+00  9.99528550e-07  1.04500000e+00  9.99475750e-07 
 1.05000000e+00  9.97095307e-07  1.05000000e+00  9.99590476e-07  1.05000000e+00  9.99486156e-07 
 1.05500000e+00  9.97209469e-07  1.05500000e+00  9.99652016e-07  1.05500000e+00  9.99496497e-07 
 1.06000000e+00  9.97323072e-07  1.06000000e+00  9.99713174e-07  1.06000000e+00  9.99506773e-07 
 1.06500000e+00  9.97436123e-07  1.06500000e+00  9.99773953e-07  1.06500000e+00  9.99516985e-07 
 1.07000000e+00  9.97548625e-07  1.07000000e+00  9.99834357e-07  1.07000000e+00  9.99527134e-07 
 1.07500000e+00  9.97660584e-07  1.07500000e+00  9.99894389e-07  1.07500000e+00  9.99537220e-07 
 1.08000000e+00  9.97772005e-07  1.08000000e+00  9.99954052e-07  1.08000000e+00  9.99547245e-07 
 1.08500000e+00  9.97882893e-07  1.08500000e+00  1.00001335e-06  1.08500000e+00  9.99557208e-07 
 1.09000000e+00  9.97993252e-07  1.09000000e+00  1.00007229e-06  1.09000000e+00  9.99567110e-07 
 1.09500000e+00  9.98103087e-07  1.09500000e+00  1.00013087e-06  1.09500000e+00  9.99576953e-07 
 1.10000000e+00  9.98212403e-07  1.10000000e+00  1.00018909e-06  1.10000000e+00  9.99586736e-07 
 1.10500000e+00  9.98321204e-07  1.10500000e+00  1.00024697e-06  1.10500000e+00  9.99596461e-07 
 1.11000000e+00  9.98429494e-07  1.11000000e+00  1.00030449e-06  1.11000000e+00  9.99606127e-07 
 1.11500000e+00  9.98537279e-07  1.11500000e+00  1.00036167e-06  1.11500000e+00  9.99615736e-07 
 1.12000000e+00  9.98644561e-07  1.12000000e+00  1.00041851e-06  1.12000000e+00  9.99625288e-07 
 1.12500000e+00  9.98751346e-07  1.12500000e+00  1.00047500e-06  1.12500000e+00  9.99634783e-07 
 1.13000000e+00  9.98857637e-07  1.13000000e+00  1.00053117e-06  1.13000000e+00  9.99644222e-07 
 1.13500000e+00  9.98963439e-07  1.13500000e+00  1.00058699e-06  1.13500000e+00  9.99653606e-07 
 1.14000000e+00  9.99068756e-07  1.14000000e+00  1.00064249e-06  1.14000000e+00  9.99662935e-07 
 1.14500000e+00  9.99173591e-07  1.14500000e+00  1.00069766e-06  1.14500000e+00  9.99672211e-07 
 1.15000000e+00  9.99277949e-07  1.15000000e+00  1.00075251e-06  1.15000000e+00  9.99681432e-07 
 1.15500000e+00  9.99381834e-07  1.15500000e+00  1.00080704e-06  1.15500000e+00  9.99690600e-07 
 1.16000000e+00  9.99485249e-07  1.16000000e+00  1.00086125e-06  1.16000000e+00  9.99699716e-07 
 1.16500000e+00  9.99588197e-07  1.16500000e+00  1.00091514e-06  1.16500000e+00  9.99708779e-07 
 1.17000000e+00  9.99690684e-07  1.17000000e+00  1.00096872e-06  1.17000000e+00  9.99717791e-07 
 1.17500000e+00  9.99792711e-07  1.17500000e+00  1.00102198e-06  1.17500000e+00  9.99726751e-07 
 1.18000000e+00  9.99894284e-07  1.18000000e+00  1.00107494e-06  1.18000000e+00  9.99735661e-07 
 1.18500000e+00  9.99995405e-07  1.18500000e+00  1.00112760e-06  1.18500000e+00  9.99744520e-07 
 1.19000000e+00  1.00009608e-06  1.19000000e+00  1.00117995e-06  1.19000000e+00  9.99753330e-07 
 1.19500000e+00  1.00019631e-06  1.19500000e+00  1.00123200e-06  1.19500000e+00  9.99762090e-07 
 1.20000000e+00  1.00029609e-06  1.20000000e+00  1.00128376e-06  1.20000000e+00  9.99770802e-07 
 1.20500000e+00  1.00039544e-06  1.20500000e+00  1.00133522e-06  1.20500000e+00  9.99779465e-07 
 1.21000000e+00  1.00049436e-06  1.21000000e+00  1.00138639e-06  1.21000000e+00  9.99788080e-07 
 1.21500000e+00  1.00059284e-06  1.21500000e+00  1.00143727e-06  1.21500000e+00  9.99796647e-07 
 1.22000000e+00  1.00069090e-06  1.22000000e+00  1.00148786e-06  1.22000000e+00  9.99805167e-07 
 1.22500000e+00  1.00078853e-06  1.22500000e+00  1.00153817e-06  1.22500000e+00  9.99813641e-07 
 1.23000000e+00  1.00088574e-06  1.23000000e+00  1.00158819e-06  1.23000000e+00  9.99822068e-07 
 1.23500000e+00  1.00098253e-06  1.23500000e+00  1.00163793e-06  1.23500000e+00  9.99830449e-07 
 1.24000000e+00  1.00107890e-06  1.24000000e+00  1.00168740e-06  1.24000000e+00  9.99838785e-07 
 1.24500000e+00  1.00117487e-06  1.24500000e+00  1.00173659e-06  1.24500000e+00  9.99847076e-07 
 1.25000000e+00  1.00127042e-06  1.25000000e+00  1.00178550e-06  1.25000000e+00  9.99855321e-07 
 1.25500000e+00  1.00136556e-06  1.25500000e+00  1.00183415e-06  1.25500000e+00  9.99863523e-07 
 1.26000000e+00  1.00146031e-06  1.26000000e+00  1.00188252e-06  1.26000000e+00  9.99871680e-07 
 1.26500000e+00  1.00155465e-06  1.26500000e+00  1.00193063e-06  1.26500000e+00  9.99879794e-07 
 1.27000000e+00  1.00164859e-06  1.27000000e+00  1.00197848e-06  1.27000000e+00  9.99887865e-07 
 1.27500000e+00  1.00174214e-06  1.27500000e+00  1.00202606e-06  1.27500000e+00  9.99895892e-07 
 1.28000000e+00  1.00183529e-06  1.28000000e+00  1.00207338e-06  1.28000000e+00  9.99903877e-07 
 1.28500000e+00  1.00192806e-06  1.28500000e+00  1.00212045e-06  1.28500000e+00  9.99911821e-07 
 1.29000000e+00  1.00202044e-06  1.29000000e+00  1.00216725e-06  1.29000000e+00  9.99919722e-07 
 1.29500000e+00  1.00211243e-06  1.29500000e+00  1.00221381e-06  1.29500000e+00  9.99927582e-07 
 1.30000000e+00  1.00220404e-06  1.30000000e+00  1.00226011e-06  1.30000000e+00  9.99935401e-07 
 1.30500000e+00  1.00229528e-06  1.30500000e+00  1.00230616e-06  1.30500000e+00  9.99943178e-07 
 1.31000000e+00  1.00238613e-06  1.31000000e+00  1.00235196e-06  1.31000000e+00  9.99950916e-07 
 1.31500000e+00  1.00247662e-06  1.31500000e+00  1.00239752e-06  1.31500000e+00  9.99958613e-07 
 1.32000000e+00  1.00256673e-06  1.32000000e+00  1.00244283e-06  1.32000000e+00  9.99966271e-07 
 1.32500000e+00  1.00265647e-06  1.32500000e+00  1.00248790e-06  1.32500000e+00  9.99973889e-07 
 1.33000000e+00  1.00274584e-06  1.33000000e+00  1.00253273e-06  1.33000000e+00  9.99981468e-07 
 1.33500000e+00  1.00283485e-06  1.33500000e+00  1.00257732e-06  1.33500000e+00  9.99989008e-07 
 1.34000000e+00  1.00292350e-06  1.34000000e+00  1.00262168e-06  1.34000000e+00  9.99996509e-07 
 1.34500000e+00  1.00301179e-06  1.34500000e+00  1.00266580e-06  1.34500000e+00  1.00000397e-06 
 1.35000000e+00  1.00309972e-06  1.35000000e+00  1.00270968e-06  1.35000000e+00  1.00001140e-06 
 1.35500000e+00  1.00318730e-06  1.35500000e+00  1.00275334e-06  1.35500000e+00  1.00001879e-06 
 1.36000000e+00  1.00327452e-06  1.36000000e+00  1.00279677e-06  1.36000000e+00  1.00002614e-06 
 1.36500000e+00  1.00336140e-06  1.36500000e+00  1.00283996e-06  1.36500000e+00  1.00003345e-06 
 1.37000000e+00  1.00344792e-06  1.37000000e+00  1.00288294e-06  1.37000000e+00  1.00004073e-06 
 1.37500000e+00  1.00353410e-06  1.37500000e+00  1.00292568e-06  1.37500000e+00  1.00004797e-06 
 1.38000000e+00  1.00361994e-06  1.38000000e+00  1.00296821e-06  1.38000000e+00  1.00005517e-06 
 1.38500000e+00  1.00370543e-06  1.38500000e+00  1.00301052e-06  1.38500000e+00  1.00006234e-06 
 1.39000000e+00  1.00379059e-06  1.39000000e+00  1.00305260e-06  1.39000000e+00  1.00006947e-06 
 1.39500000e+00  1.00387541e-06  1.39500000e+00  1.00309447e-06  1.39500000e+00  1.00007657e-06 
 1.40000000e+00  1.00395989e-06  1.40000000e+00  1.00313612e-06  1.40000000e+00  1.00008363e-06 
 1.40500000e+00  1.00404404e-06  1.40500000e+00  1.00317756e-06  1.40500000e+00  1.00009066e-06 
 1.41000000e+00  1.00412786e-06  1.41000000e+00  1.00321879e-06  1.41000000e+00  1.00009765e-06 
 1.41500000e+00  1.00421135e-06  1.41500000e+00  1.00325980e-06  1.41500000e+00  1.00010461e-06 
 1.42000000e+00  1.00429451e-06  1.42000000e+00  1.00330061e-06  1.42000000e+00  1.00011153e-06 
 1.42500000e+00  1.00437735e-06  1.42500000e+00  1.00334121e-06  1.42500000e+00  1.00011842e-06 
 1.43000000e+00  1.00445987e-06  1.43000000e+00  1.00338160e-06  1.43000000e+00  1.00012528e-06 
 1.43500000e+00  1.00454206e-06  1.43500000e+00  1.00342179e-06  1.43500000e+00  1.00013210e-06 
 1.44000000e+00  1.00462394e-06  1.44000000e+00  1.00346177e-06  1.44000000e+00  1.00013889e-06 
 1.44500000e+00  1.00470549e-06  1.44500000e+00  1.00350155e-06  1.44500000e+00  1.00014565e-06 
 1.45000000e+00  1.00478674e-06  1.45000000e+00  1.00354114e-06  1.45000000e+00  1.00015237e-06 
 1.45500000e+00  1.00486766e-06  1.45500000e+00  1.00358052e-06  1.45500000e+00  1.00015906e-06 
 1.46000000e+00  1.00494828e-06  1.46000000e+00  1.00361971e-06  1.46000000e+00  1.00016572e-06 
 1.46500000e+00  1.00502859e-06  1.46500000e+00  1.00365870e-06  1.46500000e+00  1.00017235e-06 
 1.47000000e+00  1.00510859e-06  1.47000000e+00  1.00369749e-06  1.47000000e+00  1.00017895e-06 
 1.47500000e+00  1.00518828e-06  1.47500000e+00  1.00373609e-06  1.47500000e+00  1.00018551e-06 
 1.48000000e+00  1.00526767e-06  1.48000000e+00  1.00377450e-06  1.48000000e+00  1.00019205e-06 
 1.48500000e+00  1.00534676e-06  1.48500000e+00  1.00381272e-06  1.48500000e+00  1.00019855e-06 
 1.49000000e+00  1.00542555e-06  1.49000000e+00  1.00385076e-06  1.49000000e+00  1.00020502e-06 
 1.49500000e+00  1.00550403e-06  1.49500000e+00  1.00388860e-06  1.49500000e+00  1.00021147e-06 
 1.50000000e+00  1.00558222e-06  1.50000000e+00  1.00392626e-06  1.50000000e+00  1.00021788e-06 
 1.50500000e+00  1.00566012e-06  1.50500000e+00  1.00396373e-06  1.50500000e+00  1.00022426e-06 
 1.51000000e+00  1.00573772e-06  1.51000000e+00  1.00400102e-06  1.51000000e+00  1.00023061e-06 
 1.51500000e+00  1.00581503e-06  1.51500000e+00  1.00403813e-06  1.51500000e+00  1.00023693e-06 
 1.52000000e+00  1.00589204e-06  1.52000000e+00  1.00407506e-06  1.52000000e+00  1.00024322e-06 
 1.52500000e+00  1.00596877e-06  1.52500000e+00  1.00411180e-06  1.52500000e+00  1.00024949e-06 
 1.53000000e+00  1.00604521e-06  1.53000000e+00  1.00414837e-06  1.53000000e+00  1.00025572e-06 
 1.53500000e+00  1.00612137e-06  1.53500000e+00  1.00418476e-06  1.53500000e+00  1.00026193e-06 
 1.54000000e+00  1.00619724e-06  1.54000000e+00  1.00422098e-06  1.54000000e+00  1.00026810e-06 
 1.54500000e+00  1.00627283e-06  1.54500000e+00  1.00425702e-06  1.54500000e+00  1.00027425e-06 
 1.55000000e+00  1.00634814e-06  1.55000000e+00  1.00429289e-06  1.55000000e+00  1.00028037e-06 
 1.55500000e+00  1.00642317e-06  1.55500000e+00  1.00432859e-06  1.55500000e+00  1.00028646e-06 
 1.56000000e+00  1.00649792e-06  1.56000000e+00  1.00436411e-06  1.56000000e+00  1.00029253e-06 
 1.56500000e+00  1.00657239e-06  1.56500000e+00  1.00439947e-06  1.56500000e+00  1.00029856e-06 
 1.57000000e+00  1.00664659e-06  1.57000000e+00  1.00443465e-06  1.57000000e+00  1.00030457e-06 
 1.57500000e+00  1.00672052e-06  1.57500000e+00  1.00446967e-06  1.57500000e+00  1.00031055e-06 
 1.58000000e+00  1.00679417e-06  1.58000000e+00  1.00450453e-06  1.58000000e+00  1.00031651e-06 
 1.58500000e+00  1.00686756e-06  1.58500000e+00  1.00453922e-06  1.58500000e+00  1.00032243e-06 
 1.59000000e+00  1.00694067e-06  1.59000000e+00  1.00457374e-06  1.59000000e+00  1.00032833e-06 
 1.59500000e+00  1.00701352e-06  1.59500000e+00  1.00460810e-06  1.59500000e+00  1.00033421e-06 
 1.60000000e+00  1.00708610e-06  1.60000000e+00  1.00464230e-06  1.60000000e+00  1.00034006e-06 
 1.60500000e+00  1.00715842e-06  1.60500000e+00  1.00467634e-06  1.60500000e+00  1.00034588e-06 
 1.61000000e+00  1.00723047e-06  1.61000000e+00  1.00471022e-06  1.61000000e+00  1.00035167e-06 
 1.61500000e+00  1.00730227e-06  1.61500000e+00  1.00474394e-06  1.61500000e+00  1.00035744e-06 
 1.62000000e+00  1.00737380e-06  1.62000000e+00  1.00477751e-06  1.62000000e+00  1.00036318e-06 
 1.62500000e+00  1.00744507e-06  1.62500000e+00  1.00481092e-06  1.62500000e+00  1.00036890e-06 
 1.63000000e+00  1.00751609e-06  1.63000000e+00  1.00484417e-06  1.63000000e+00  1.00037459e-06 
 1.63500000e+00  1.00758685e-06  1.63500000e+00  1.00487727e-06  1.63500000e+00  1.00038026e-06 
 1.64000000e+00  1.00765735e-06  1.64000000e+00  1.00491021e-06  1.64000000e+00  1.00038590e-06 
 1.64500000e+00  1.00772760e-06  1.64500000e+00  1.00494301e-06  1.64500000e+00  1.00039152e-06 
 1.65000000e+00  1.00779760e-06  1.65000000e+00  1.00497565e-06  1.65000000e+00  1.00039711e-06 
 1.65500000e+00  1.00786735e-06  1.65500000e+00  1.00500815e-06  1.65500000e+00  1.00040268e-06 
 1.66000000e+00  1.00793685e-06  1.66000000e+00  1.00504049e-06  1.66000000e+00  1.00040823e-06 
 1.66500000e+00  1.00800610e-06  1.66500000e+00  1.00507269e-06  1.66500000e+00  1.00041374e-06 
 1.67000000e+00  1.00807510e-06  1.67000000e+00  1.00510474e-06  1.67000000e+00  1.00041924e-06 
 1.67500000e+00  1.00814386e-06  1.67500000e+00  1.00513664e-06  1.67500000e+00  1.00042471e-06 
 1.68000000e+00  1.00821237e-06  1.68000000e+00  1.00516840e-06  1.68000000e+00  1.00043016e-06 
 1.68500000e+00  1.00828064e-06  1.68500000e+00  1.00520001e-06  1.68500000e+00  1.00043558e-06 
 1.69000000e+00  1.00834867e-06  1.69000000e+00  1.00523148e-06  1.69000000e+00  1.00044098e-06 
 1.69500000e+00  1.00841646e-06  1.69500000e+00  1.00526281e-06  1.69500000e+00  1.00044636e-06 
 1.70000000e+00  1.00848401e-06  1.70000000e+00  1.00529400e-06  1.70000000e+00  1.00045171e-06 
 1.70500000e+00  1.00855132e-06  1.70500000e+00  1.00532505e-06  1.70500000e+00  1.00045705e-06 
 1.71000000e+00  1.00861839e-06  1.71000000e+00  1.00535596e-06  1.71000000e+00  1.00046235e-06 
 1.71500000e+00  1.00868523e-06  1.71500000e+00  1.00538673e-06  1.71500000e+00  1.00046764e-06 
 1.72000000e+00  1.00875183e-06  1.72000000e+00  1.00541736e-06  1.72000000e+00  1.00047290e-06 
 1.72500000e+00  1.00881820e-06  1.72500000e+00  1.00544786e-06  1.72500000e+00  1.00047814e-06 
 1.73000000e+00  1.00888434e-06  1.73000000e+00  1.00547822e-06  1.73000000e+00  1.00048336e-06 
 1.73500000e+00  1.00895024e-06  1.73500000e+00  1.00550844e-06  1.73500000e+00  1.00048856e-06 
 1.74000000e+00  1.00901592e-06  1.74000000e+00  1.00553854e-06  1.74000000e+00  1.00049373e-06 
 1.74500000e+00  1.00908136e-06  1.74500000e+00  1.00556849e-06  1.74500000e+00  1.00049888e-06 
 1.75000000e+00  1.00914658e-06  1.75000000e+00  1.00559832e-06  1.75000000e+00  1.00050401e-06 
 1.75500000e+00  1.00921158e-06  1.75500000e+00  1.00562802e-06  1.75500000e+00  1.00050912e-06 
 1.76000000e+00  1.00927634e-06  1.76000000e+00  1.00565758e-06  1.76000000e+00  1.00051421e-06 
 1.76500000e+00  1.00934089e-06  1.76500000e+00  1.00568702e-06  1.76500000e+00  1.00051927e-06 
 1.77000000e+00  1.00940521e-06  1.77000000e+00  1.00571632e-06  1.77000000e+00  1.00052432e-06 
 1.77500000e+00  1.00946930e-06  1.77500000e+00  1.00574550e-06  1.77500000e+00  1.00052934e-06 
 1.78000000e+00  1.00953318e-06  1.78000000e+00  1.00577455e-06  1.78000000e+00  1.00053434e-06 
 1.78500000e+00  1.00959684e-06  1.78500000e+00  1.00580348e-06  1.78500000e+00  1.00053932e-06 
 1.79000000e+00  1.00966027e-06  1.79000000e+00  1.00583228e-06  1.79000000e+00  1.00054428e-06 
 1.79500000e+00  1.00972349e-06  1.79500000e+00  1.00586095e-06  1.79500000e+00  1.00054922e-06 
 1.80000000e+00  1.00978650e-06  1.80000000e+00  1.00588950e-06  1.80000000e+00  1.00055414e-06 
 1.80500000e+00  1.00984928e-06  1.80500000e+00  1.00591793e-06  1.80500000e+00  1.00055904e-06 
 1.81000000e+00  1.00991186e-06  1.81000000e+00  1.00594624e-06  1.81000000e+00  1.00056392e-06 
 1.81500000e+00  1.00997422e-06  1.81500000e+00  1.00597442e-06  1.81500000e+00  1.00056878e-06 
 1.82000000e+00  1.01003636e-06  1.82000000e+00  1.00600248e-06  1.82000000e+00  1.00057362e-06 
 1.82500000e+00  1.01009830e-06  1.82500000e+00  1.00603042e-06  1.82500000e+00  1.00057844e-06 
 1.83000000e+00  1.01016002e-06  1.83000000e+00  1.00605825e-06  1.83000000e+00  1.00058324e-06 
 1.83500000e+00  1.01022154e-06  1.83500000e+00  1.00608595e-06  1.83500000e+00  1.00058802e-06 
 1.84000000e+00  1.01028285e-06  1.84000000e+00  1.00611354e-06  1.84000000e+00  1.00059278e-06 
 1.84500000e+00  1.01034394e-06  1.84500000e+00  1.00614101e-06  1.84500000e+00  1.00059752e-06 
 1.85000000e+00  1.01040484e-06  1.85000000e+00  1.00616837e-06  1.85000000e+00  1.00060224e-06 
 1.85500000e+00  1.01046552e-06  1.85500000e+00  1.00619560e-06  1.85500000e+00  1.00060695e-06 
 1.86000000e+00  1.01052601e-06  1.86000000e+00  1.00622273e-06  1.86000000e+00  1.00061163e-06 
 1.86500000e+00  1.01058629e-06  1.86500000e+00  1.00624974e-06  1.86500000e+00  1.00061629e-06 
 1.87000000e+00  1.01064636e-06  1.87000000e+00  1.00627663e-06  1.87000000e+00  1.00062094e-06 
 1.87500000e+00  1.01070624e-06  1.87500000e+00  1.00630342e-06  1.87500000e+00  1.00062557e-06 
 1.88000000e+00  1.01076591e-06  1.88000000e+00  1.00633009e-06  1.88000000e+00  1.00063018e-06 
 1.88500000e+00  1.01082539e-06  1.88500000e+00  1.00635665e-06  1.88500000e+00  1.00063477e-06 
 1.89000000e+00  1.01088466e-06  1.89000000e+00  1.00638310e-06  1.89000000e+00  1.00063934e-06 
 1.89500000e+00  1.01094374e-06  1.89500000e+00  1.00640944e-06  1.89500000e+00  1.00064389e-06 
 1.90000000e+00  1.01100262e-06  1.90000000e+00  1.00643567e-06  1.90000000e+00  1.00064843e-06 
 1.90500000e+00  1.01106130e-06  1.90500000e+00  1.00646179e-06  1.90500000e+00  1.00065295e-06 
 1.91000000e+00  1.01111979e-06  1.91000000e+00  1.00648780e-06  1.91000000e+00  1.00065744e-06 
 1.91500000e+00  1.01117809e-06  1.91500000e+00  1.00651371e-06  1.91500000e+00  1.00066193e-06 
 1.92000000e+00  1.01123619e-06  1.92000000e+00  1.00653951e-06  1.92000000e+00  1.00066639e-06 
 1.92500000e+00  1.01129410e-06  1.92500000e+00  1.00656520e-06  1.92500000e+00  1.00067084e-06 
 1.93000000e+00  1.01135182e-06  1.93000000e+00  1.00659079e-06  1.93000000e+00  1.00067527e-06 
 1.93500000e+00  1.01140935e-06  1.93500000e+00  1.00661627e-06  1.93500000e+00  1.00067968e-06 
 1.94000000e+00  1.01146668e-06  1.94000000e+00  1.00664165e-06  1.94000000e+00  1.00068407e-06 
 1.94500000e+00  1.01152383e-06  1.94500000e+00  1.00666693e-06  1.94500000e+00  1.00068845e-06 
 1.95000000e+00  1.01158079e-06  1.95000000e+00  1.00669210e-06  1.95000000e+00  1.00069281e-06 
 1.95500000e+00  1.01163757e-06  1.95500000e+00  1.00671717e-06  1.95500000e+00  1.00069715e-06 
 1.96000000e+00  1.01169415e-06  1.96000000e+00  1.00674214e-06  1.96000000e+00  1.00070148e-06 
 1.96500000e+00  1.01175056e-06  1.96500000e+00  1.00676701e-06  1.96500000e+00  1.00070579e-06 
 1.97000000e+00  1.01180677e-06  1.97000000e+00  1.00679178e-06  1.97000000e+00  1.00071008e-06 
 1.97500000e+00  1.01186281e-06  1.97500000e+00  1.00681645e-06  1.97500000e+00  1.00071435e-06 
 1.98000000e+00  1.01191866e-06  1.98000000e+00  1.00684102e-06  1.98000000e+00  1.00071861e-06 
 1.98500000e+00  1.01197433e-06  1.98500000e+00  1.00686549e-06  1.98500000e+00  1.00072286e-06 
 1.99000000e+00  1.01202981e-06  1.99000000e+00  1.00688986e-06  1.99000000e+00  1.00072708e-06 
 1.99500000e+00  1.01208512e-06  1.99500000e+00  1.00691414e-06  1.99500000e+00  1.00073129e-06 
 2.00000000e+00  1.01214025e-06  2.00000000e+00  1.00693832e-06  2.00000000e+00  1.00073549e-06 
 2.00500000e+00  1.01219520e-06  2.00500000e+00  1.00696240e-06  2.00500000e+00  1.00073967e-06 
 2.01000000e+00  1.01224997e-06  2.01000000e+00  1.00698639e-06  2.01000000e+00  1.00074383e-06 
 2.01500000e+00  1.01230456e-06  2.01500000e+00  1.00701028e-06  2.01500000e+00  1.00074797e-06 
 2.02000000e+00  1.01235898e-06  2.02000000e+00  1.00703408e-06  2.02000000e+00  1.00075210e-06 
 2.02500000e+00  1.01241322e-06  2.02500000e+00  1.00705779e-06  2.02500000e+00  1.00075622e-06 
 2.03000000e+00  1.01246728e-06  2.03000000e+00  1.00708140e-06  2.03000000e+00  1.00076032e-06 
 2.03500000e+00  1.01252118e-06  2.03500000e+00  1.00710492e-06  2.03500000e+00  1.00076440e-06 
 2.04000000e+00  1.01257490e-06  2.04000000e+00  1.00712834e-06  2.04000000e+00  1.00076847e-06 
 2.04500000e+00  1.01262844e-06  2.04500000e+00  1.00715168e-06  2.04500000e+00  1.00077252e-06 
 2.05000000e+00  1.01268182e-06  2.05000000e+00  1.00717492e-06  2.05000000e+00  1.00077656e-06 
 2.05500000e+00  1.01273502e-06  2.05500000e+00  1.00719807e-06  2.05500000e+00  1.00078058e-06 
 2.06000000e+00  1.01278806e-06  2.06000000e+00  1.00722113e-06  2.06000000e+00  1.00078459e-06 
 2.06500000e+00  1.01284092e-06  2.06500000e+00  1.00724411e-06  2.06500000e+00  1.00078858e-06 
 2.07000000e+00  1.01289362e-06  2.07000000e+00  1.00726699e-06  2.07000000e+00  1.00079256e-06 
 2.07500000e+00  1.01294615e-06  2.07500000e+00  1.00728979e-06  2.07500000e+00  1.00079652e-06 
 2.08000000e+00  1.01299851e-06  2.08000000e+00  1.00731249e-06  2.08000000e+00  1.00080047e-06 
 2.08500000e+00  1.01305070e-06  2.08500000e+00  1.00733511e-06  2.08500000e+00  1.00080440e-06 
 2.09000000e+00  1.01310273e-06  2.09000000e+00  1.00735765e-06  2.09000000e+00  1.00080832e-06 
 2.09500000e+00  1.01315459e-06  2.09500000e+00  1.00738009e-06  2.09500000e+00  1.00081222e-06 
 2.10000000e+00  1.01320629e-06  2.10000000e+00  1.00740246e-06  2.10000000e+00  1.00081611e-06 
 2.10500000e+00  1.01325783e-06  2.10500000e+00  1.00742473e-06  2.10500000e+00  1.00081999e-06 
 2.11000000e+00  1.01330920e-06  2.11000000e+00  1.00744692e-06  2.11000000e+00  1.00082385e-06 
 2.11500000e+00  1.01336042e-06  2.11500000e+00  1.00746903e-06  2.11500000e+00  1.00082770e-06 
 2.12000000e+00  1.01341147e-06  2.12000000e+00  1.00749105e-06  2.12000000e+00  1.00083153e-06 
 2.12500000e+00  1.01346236e-06  2.12500000e+00  1.00751299e-06  2.12500000e+00  1.00083535e-06 
 2.13000000e+00  1.01351309e-06  2.13000000e+00  1.00753485e-06  2.13000000e+00  1.00083915e-06 
 2.13500000e+00  1.01356366e-06  2.13500000e+00  1.00755662e-06  2.13500000e+00  1.00084295e-06 
 2.14000000e+00  1.01361407e-06  2.14000000e+00  1.00757831e-06  2.14000000e+00  1.00084672e-06 
 2.14500000e+00  1.01366432e-06  2.14500000e+00  1.00759992e-06  2.14500000e+00  1.00085049e-06 
 2.15000000e+00  1.01371442e-06  2.15000000e+00  1.00762145e-06  2.15000000e+00  1.00085424e-06 
 2.15500000e+00  1.01376436e-06  2.15500000e+00  1.00764290e-06  2.15500000e+00  1.00085797e-06 
 2.16000000e+00  1.01381415e-06  2.16000000e+00  1.00766427e-06  2.16000000e+00  1.00086170e-06 
 2.16500000e+00  1.01386378e-06  2.16500000e+00  1.00768556e-06  2.16500000e+00  1.00086541e-06 
 2.17000000e+00  1.01391325e-06  2.17000000e+00  1.00770677e-06  2.17000000e+00  1.00086910e-06 
 2.17500000e+00  1.01396258e-06  2.17500000e+00  1.00772790e-06  2.17500000e+00  1.00087279e-06 
 2.18000000e+00  1.01401175e-06  2.18000000e+00  1.00774895e-06  2.18000000e+00  1.00087646e-06 
 2.18500000e+00  1.01406076e-06  2.18500000e+00  1.00776993e-06  2.18500000e+00  1.00088011e-06 
 2.19000000e+00  1.01410963e-06  2.19000000e+00  1.00779083e-06  2.19000000e+00  1.00088376e-06 
 2.19500000e+00  1.01415834e-06  2.19500000e+00  1.00781165e-06  2.19500000e+00  1.00088739e-06 
 2.20000000e+00  1.01420691e-06  2.20000000e+00  1.00783239e-06  2.20000000e+00  1.00089101e-06 
 2.20500000e+00  1.01425532e-06  2.20500000e+00  1.00785306e-06  2.20500000e+00  1.00089461e-06 
 2.21000000e+00  1.01430359e-06  2.21000000e+00  1.00787366e-06  2.21000000e+00  1.00089820e-06 
 2.21500000e+00  1.01435170e-06  2.21500000e+00  1.00789418e-06  2.21500000e+00  1.00090179e-06 
 2.22000000e+00  1.01439967e-06  2.22000000e+00  1.00791462e-06  2.22000000e+00  1.00090535e-06 
 2.22500000e+00  1.01444750e-06  2.22500000e+00  1.00793499e-06  2.22500000e+00  1.00090891e-06 
 2.23000000e+00  1.01449517e-06  2.23000000e+00  1.00795529e-06  2.23000000e+00  1.00091245e-06 
 2.23500000e+00  1.01454270e-06  2.23500000e+00  1.00797551e-06  2.23500000e+00  1.00091598e-06 
 2.24000000e+00  1.01459009e-06  2.24000000e+00  1.00799566e-06  2.24000000e+00  1.00091950e-06 
 2.24500000e+00  1.01463733e-06  2.24500000e+00  1.00801574e-06  2.24500000e+00  1.00092301e-06 
 2.25000000e+00  1.01468442e-06  2.25000000e+00  1.00803574e-06  2.25000000e+00  1.00092650e-06 
 2.25500000e+00  1.01473138e-06  2.25500000e+00  1.00805568e-06  2.25500000e+00  1.00092998e-06 
 2.26000000e+00  1.01477819e-06  2.26000000e+00  1.00807554e-06  2.26000000e+00  1.00093345e-06 
 2.26500000e+00  1.01482486e-06  2.26500000e+00  1.00809534e-06  2.26500000e+00  1.00093691e-06 
 2.27000000e+00  1.01487139e-06  2.27000000e+00  1.00811506e-06  2.27000000e+00  1.00094036e-06 
 2.27500000e+00  1.01491777e-06  2.27500000e+00  1.00813471e-06  2.27500000e+00  1.00094379e-06 
 2.28000000e+00  1.01496402e-06  2.28000000e+00  1.00815429e-06  2.28000000e+00  1.00094722e-06 
 2.28500000e+00  1.01501013e-06  2.28500000e+00  1.00817381e-06  2.28500000e+00  1.00095063e-06 
 2.29000000e+00  1.01505610e-06  2.29000000e+00  1.00819325e-06  2.29000000e+00  1.00095403e-06 
 2.29500000e+00  1.01510193e-06  2.29500000e+00  1.00821263e-06  2.29500000e+00  1.00095742e-06 
 2.30000000e+00  1.01514762e-06  2.30000000e+00  1.00823194e-06  2.30000000e+00  1.00096080e-06 
 2.30500000e+00  1.01519318e-06  2.30500000e+00  1.00825119e-06  2.30500000e+00  1.00096416e-06 
 2.31000000e+00  1.01523860e-06  2.31000000e+00  1.00827036e-06  2.31000000e+00  1.00096752e-06 
 2.31500000e+00  1.01528388e-06  2.31500000e+00  1.00828947e-06  2.31500000e+00  1.00097086e-06 
 2.32000000e+00  1.01532903e-06  2.32000000e+00  1.00830851e-06  2.32000000e+00  1.00097420e-06 
 2.32500000e+00  1.01537404e-06  2.32500000e+00  1.00832749e-06  2.32500000e+00  1.00097752e-06 
 2.33000000e+00  1.01541892e-06  2.33000000e+00  1.00834640e-06  2.33000000e+00  1.00098083e-06 
 2.33500000e+00  1.01546367e-06  2.33500000e+00  1.00836525e-06  2.33500000e+00  1.00098413e-06 
 2.34000000e+00  1.01550829e-06  2.34000000e+00  1.00838404e-06  2.34000000e+00  1.00098742e-06 
 2.34500000e+00  1.01555277e-06  2.34500000e+00  1.00840275e-06  2.34500000e+00  1.00099070e-06 
 2.35000000e+00  1.01559712e-06  2.35000000e+00  1.00842141e-06  2.35000000e+00  1.00099397e-06 
 2.35500000e+00  1.01564134e-06  2.35500000e+00  1.00844000e-06  2.35500000e+00  1.00099723e-06 
 2.36000000e+00  1.01568543e-06  2.36000000e+00  1.00845853e-06  2.36000000e+00  1.00100048e-06 
 2.36500000e+00  1.01572939e-06  2.36500000e+00  1.00847700e-06  2.36500000e+00  1.00100372e-06 
 2.37000000e+00  1.01577322e-06  2.37000000e+00  1.00849541e-06  2.37000000e+00  1.00100695e-06 
 2.37500000e+00  1.01581692e-06  2.37500000e+00  1.00851375e-06  2.37500000e+00  1.00101016e-06 
 2.38000000e+00  1.01586050e-06  2.38000000e+00  1.00853203e-06  2.38000000e+00  1.00101337e-06 
 2.38500000e+00  1.01590394e-06  2.38500000e+00  1.00855026e-06  2.38500000e+00  1.00101657e-06 
 2.39000000e+00  1.01594726e-06  2.39000000e+00  1.00856842e-06  2.39000000e+00  1.00101976e-06 
 2.39500000e+00  1.01599046e-06  2.39500000e+00  1.00858652e-06  2.39500000e+00  1.00102294e-06 
 2.40000000e+00  1.01603353e-06  2.40000000e+00  1.00860456e-06  2.40000000e+00  1.00102611e-06 
 2.40500000e+00  1.01607647e-06  2.40500000e+00  1.00862255e-06  2.40500000e+00  1.00102927e-06 
 2.41000000e+00  1.01611929e-06  2.41000000e+00  1.00864047e-06  2.41000000e+00  1.00103242e-06 
 2.41500000e+00  1.01616199e-06  2.41500000e+00  1.00865834e-06  2.41500000e+00  1.00103556e-06 
 2.42000000e+00  1.01620456e-06  2.42000000e+00  1.00867615e-06  2.42000000e+00  1.00103869e-06 
 2.42500000e+00  1.01624701e-06  2.42500000e+00  1.00869390e-06  2.42500000e+00  1.00104182e-06 
 2.43000000e+00  1.01628934e-06  2.43000000e+00  1.00871159e-06  2.43000000e+00  1.00104493e-06 
 2.43500000e+00  1.01633154e-06  2.43500000e+00  1.00872923e-06  2.43500000e+00  1.00104803e-06 
 2.44000000e+00  1.01637363e-06  2.44000000e+00  1.00874681e-06  2.44000000e+00  1.00105113e-06 
 2.44500000e+00  1.01641559e-06  2.44500000e+00  1.00876434e-06  2.44500000e+00  1.00105422e-06 
 2.45000000e+00  1.01645744e-06  2.45000000e+00  1.00878181e-06  2.45000000e+00  1.00105730e-06 
 2.45500000e+00  1.01649917e-06  2.45500000e+00  1.00879922e-06  2.45500000e+00  1.00106037e-06 
 2.46000000e+00  1.01654078e-06  2.46000000e+00  1.00881658e-06  2.46000000e+00  1.00106343e-06 
 2.46500000e+00  1.01658227e-06  2.46500000e+00  1.00883389e-06  2.46500000e+00  1.00106649e-06 
 2.47000000e+00  1.01662364e-06  2.47000000e+00  1.00885114e-06  2.47000000e+00  1.00106953e-06 
 2.47500000e+00  1.01666490e-06  2.47500000e+00  1.00886834e-06  2.47500000e+00  1.00107257e-06 
 2.48000000e+00  1.01670604e-06  2.48000000e+00  1.00888549e-06  2.48000000e+00  1.00107560e-06 
 2.48500000e+00  1.01674706e-06  2.48500000e+00  1.00890259e-06  2.48500000e+00  1.00107862e-06 
 2.49000000e+00  1.01678797e-06  2.49000000e+00  1.00891963e-06  2.49000000e+00  1.00108164e-06 
 2.49500000e+00  1.01682877e-06  2.49500000e+00  1.00893662e-06  2.49500000e+00  1.00108464e-06 
 2.50000000e+00  1.01686945e-06  2.50000000e+00  1.00895356e-06  2.50000000e+00  1.00108764e-06 
 2.50500000e+00  1.01691002e-06  2.50500000e+00  1.00897045e-06  2.50500000e+00  1.00109064e-06 
 2.51000000e+00  1.01695048e-06  2.51000000e+00  1.00898729e-06  2.51000000e+00  1.00109362e-06 
 2.51500000e+00  1.01699083e-06  2.51500000e+00  1.00900408e-06  2.51500000e+00  1.00109660e-06 
 2.52000000e+00  1.01703106e-06  2.52000000e+00  1.00902082e-06  2.52000000e+00  1.00109957e-06 
 2.52500000e+00  1.01707119e-06  2.52500000e+00  1.00903751e-06  2.52500000e+00  1.00110254e-06 
 2.53000000e+00  1.01711120e-06  2.53000000e+00  1.00905415e-06  2.53000000e+00  1.00110550e-06 
 2.53500000e+00  1.01715111e-06  2.53500000e+00  1.00907075e-06  2.53500000e+00  1.00110845e-06 
 2.54000000e+00  1.01719090e-06  2.54000000e+00  1.00908730e-06  2.54000000e+00  1.00111140e-06 
 2.54500000e+00  1.01723059e-06  2.54500000e+00  1.00910380e-06  2.54500000e+00  1.00111434e-06 
 2.55000000e+00  1.01727017e-06  2.55000000e+00  1.00912025e-06  2.55000000e+00  1.00111727e-06 
 2.55500000e+00  1.01730964e-06  2.55500000e+00  1.00913666e-06  2.55500000e+00  1.00112020e-06 
 2.56000000e+00  1.01734901e-06  2.56000000e+00  1.00915302e-06  2.56000000e+00  1.00112312e-06 
 2.56500000e+00  1.01738827e-06  2.56500000e+00  1.00916934e-06  2.56500000e+00  1.00112604e-06 
 2.57000000e+00  1.01742743e-06  2.57000000e+00  1.00918561e-06  2.57000000e+00  1.00112895e-06 
 2.57500000e+00  1.01746648e-06  2.57500000e+00  1.00920184e-06  2.57500000e+00  1.00113186e-06 
 2.58000000e+00  1.01750543e-06  2.58000000e+00  1.00921802e-06  2.58000000e+00  1.00113476e-06 
 2.58500000e+00  1.01754428e-06  2.58500000e+00  1.00923417e-06  2.58500000e+00  1.00113766e-06 
 2.59000000e+00  1.01758302e-06  2.59000000e+00  1.00925026e-06  2.59000000e+00  1.00114055e-06 
 2.59500000e+00  1.01762166e-06  2.59500000e+00  1.00926632e-06  2.59500000e+00  1.00114344e-06 
 2.60000000e+00  1.01766021e-06  2.60000000e+00  1.00928234e-06  2.60000000e+00  1.00114632e-06 
 2.60500000e+00  1.01769865e-06  2.60500000e+00  1.00929831e-06  2.60500000e+00  1.00114921e-06 
 2.61000000e+00  1.01773699e-06  2.61000000e+00  1.00931424e-06  2.61000000e+00  1.00115208e-06 
 2.61500000e+00  1.01777523e-06  2.61500000e+00  1.00933013e-06  2.61500000e+00  1.00115496e-06 
 2.62000000e+00  1.01781337e-06  2.62000000e+00  1.00934599e-06  2.62000000e+00  1.00115783e-06 
 2.62500000e+00  1.01785142e-06  2.62500000e+00  1.00936180e-06  2.62500000e+00  1.00116069e-06 
 2.63000000e+00  1.01788937e-06  2.63000000e+00  1.00937758e-06  2.63000000e+00  1.00116356e-06 
 2.63500000e+00  1.01792722e-06  2.63500000e+00  1.00939331e-06  2.63500000e+00  1.00116642e-06 
 2.64000000e+00  1.01796497e-06  2.64000000e+00  1.00940901e-06  2.64000000e+00  1.00116928e-06 
 2.64500000e+00  1.01800264e-06  2.64500000e+00  1.00942468e-06  2.64500000e+00  1.00117213e-06 
 2.65000000e+00  1.01804020e-06  2.65000000e+00  1.00944030e-06  2.65000000e+00  1.00117499e-06 
 2.65500000e+00  1.01807768e-06  2.65500000e+00  1.00945589e-06  2.65500000e+00  1.00117784e-06 
 2.66000000e+00  1.01811506e-06  2.66000000e+00  1.00947145e-06  2.66000000e+00  1.00118069e-06 
 2.66500000e+00  1.01815235e-06  2.66500000e+00  1.00948697e-06  2.66500000e+00  1.00118355e-06 
 2.67000000e+00  1.01818954e-06  2.67000000e+00  1.00950245e-06  2.67000000e+00  1.00118640e-06 
 2.67500000e+00  1.01822665e-06  2.67500000e+00  1.00951791e-06  2.67500000e+00  1.00118924e-06 
 2.68000000e+00  1.01826367e-06  2.68000000e+00  1.00953333e-06  2.68000000e+00  1.00119209e-06 
 2.68500000e+00  1.01830059e-06  2.68500000e+00  1.00954871e-06  2.68500000e+00  1.00119494e-06 
 2.69000000e+00  1.01833743e-06  2.69000000e+00  1.00956407e-06  2.69000000e+00  1.00119779e-06 
 2.69500000e+00  1.01837418e-06  2.69500000e+00  1.00957939e-06  2.69500000e+00  1.00120064e-06 
 2.70000000e+00  1.01841085e-06  2.70000000e+00  1.00959469e-06  2.70000000e+00  1.00120349e-06 
 2.70500000e+00  1.01844742e-06  2.70500000e+00  1.00960995e-06  2.70500000e+00  1.00120635e-06 
 2.71000000e+00  1.01848392e-06  2.71000000e+00  1.00962519e-06  2.71000000e+00  1.00120920e-06 
 2.71500000e+00  1.01852032e-06  2.71500000e+00  1.00964039e-06  2.71500000e+00  1.00121205e-06 
 2.72000000e+00  1.01855665e-06  2.72000000e+00  1.00965557e-06  2.72000000e+00  1.00121491e-06 
 2.72500000e+00  1.01859289e-06  2.72500000e+00  1.00967072e-06  2.72500000e+00  1.00121777e-06 
 2.73000000e+00  1.01862905e-06  2.73000000e+00  1.00968585e-06  2.73000000e+00  1.00122063e-06 
 2.73500000e+00  1.01866512e-06  2.73500000e+00  1.00970095e-06  2.73500000e+00  1.00122350e-06 
 2.74000000e+00  1.01870112e-06  2.74000000e+00  1.00971602e-06  2.74000000e+00  1.00122637e-06 
 2.74500000e+00  1.01873704e-06  2.74500000e+00  1.00973107e-06  2.74500000e+00  1.00122924e-06 
 2.75000000e+00  1.01877287e-06  2.75000000e+00  1.00974610e-06  2.75000000e+00  1.00123212e-06 
 2.75500000e+00  1.01880863e-06  2.75500000e+00  1.00976110e-06  2.75500000e+00  1.00123500e-06 
 2.76000000e+00  1.01884432e-06  2.76000000e+00  1.00977608e-06  2.76000000e+00  1.00123789e-06 
 2.76500000e+00  1.01887992e-06  2.76500000e+00  1.00979104e-06  2.76500000e+00  1.00124079e-06 
 2.77000000e+00  1.01891545e-06  2.77000000e+00  1.00980598e-06  2.77000000e+00  1.00124369e-06 
 2.77500000e+00  1.01895091e-06  2.77500000e+00  1.00982089e-06  2.77500000e+00  1.00124659e-06 
 2.78000000e+00  1.01898629e-06  2.78000000e+00  1.00983579e-06  2.78000000e+00  1.00124950e-06 
 2.78500000e+00  1.01902159e-06  2.78500000e+00  1.00985067e-06  2.78500000e+00  1.00125242e-06 
 2.79000000e+00  1.01905683e-06  2.79000000e+00  1.00986553e-06  2.79000000e+00  1.00125535e-06 
 2.79500000e+00  1.01909200e-06  2.79500000e+00  1.00988038e-06  2.79500000e+00  1.00125829e-06 
 2.80000000e+00  1.01912709e-06  2.80000000e+00  1.00989521e-06  2.80000000e+00  1.00126123e-06 
 2.80500000e+00  1.01916212e-06  2.80500000e+00  1.00991002e-06  2.80500000e+00  1.00126419e-06 
 2.81000000e+00  1.01919707e-06  2.81000000e+00  1.00992482e-06  2.81000000e+00  1.00126715e-06 
 2.81500000e+00  1.01923196e-06  2.81500000e+00  1.00993961e-06  2.81500000e+00  1.00127012e-06 
 2.82000000e+00  1.01926679e-06  2.82000000e+00  1.00995438e-06  2.82000000e+00  1.00127311e-06 
 2.82500000e+00  1.01930154e-06  2.82500000e+00  1.00996914e-06  2.82500000e+00  1.00127610e-06 
 2.83000000e+00  1.01933624e-06  2.83000000e+00  1.00998389e-06  2.83000000e+00  1.00127911e-06 
 2.83500000e+00  1.01937087e-06  2.83500000e+00  1.00999863e-06  2.83500000e+00  1.00128213e-06 
 2.84000000e+00  1.01940544e-06  2.84000000e+00  1.01001336e-06  2.84000000e+00  1.00128516e-06 
 2.84500000e+00  1.01943994e-06  2.84500000e+00  1.01002809e-06  2.84500000e+00  1.00128821e-06 
 2.85000000e+00  1.01947439e-06  2.85000000e+00  1.01004280e-06  2.85000000e+00  1.00129127e-06 
 2.85500000e+00  1.01950877e-06  2.85500000e+00  1.01005751e-06  2.85500000e+00  1.00129435e-06 
 2.86000000e+00  1.01954310e-06  2.86000000e+00  1.01007221e-06  2.86000000e+00  1.00129744e-06 
 2.86500000e+00  1.01957737e-06  2.86500000e+00  1.01008691e-06  2.86500000e+00  1.00130054e-06 
 2.87000000e+00  1.01961159e-06  2.87000000e+00  1.01010161e-06  2.87000000e+00  1.00130366e-06 
 2.87500000e+00  1.01964575e-06  2.87500000e+00  1.01011630e-06  2.87500000e+00  1.00130680e-06 
 2.88000000e+00  1.01967985e-06  2.88000000e+00  1.01013099e-06  2.88000000e+00  1.00130996e-06 
 2.88500000e+00  1.01971391e-06  2.88500000e+00  1.01014568e-06  2.88500000e+00  1.00131314e-06 
 2.89000000e+00  1.01974791e-06  2.89000000e+00  1.01016037e-06  2.89000000e+00  1.00131633e-06 
 2.89500000e+00  1.01978186e-06  2.89500000e+00  1.01017507e-06  2.89500000e+00  1.00131955e-06 
 2.90000000e+00  1.01981576e-06  2.90000000e+00  1.01018976e-06  2.90000000e+00  1.00132278e-06 
 2.90500000e+00  1.01984961e-06  2.90500000e+00  1.01020446e-06  2.90500000e+00  1.00132604e-06 
 2.91000000e+00  1.01988342e-06  2.91000000e+00  1.01021917e-06  2.91000000e+00  1.00132932e-06 
 2.91500000e+00  1.01991718e-06  2.91500000e+00  1.01023388e-06  2.91500000e+00  1.00133262e-06 
 2.92000000e+00  1.01995090e-06  2.92000000e+00  1.01024860e-06  2.92000000e+00  1.00133595e-06 
 2.92500000e+00  1.01998457e-06  2.92500000e+00  1.01026332e-06  2.92500000e+00  1.00133929e-06 
 2.93000000e+00  1.02001820e-06  2.93000000e+00  1.01027806e-06  2.93000000e+00  1.00134267e-06 
 2.93500000e+00  1.02005179e-06  2.93500000e+00  1.01029281e-06  2.93500000e+00  1.00134607e-06 
 2.94000000e+00  1.02008534e-06  2.94000000e+00  1.01030757e-06  2.94000000e+00  1.00134950e-06 
 2.94500000e+00  1.02011886e-06  2.94500000e+00  1.01032234e-06  2.94500000e+00  1.00135295e-06 
 2.95000000e+00  1.02015233e-06  2.95000000e+00  1.01033712e-06  2.95000000e+00  1.00135644e-06 
 2.95500000e+00  1.02018577e-06  2.95500000e+00  1.01035193e-06  2.95500000e+00  1.00135995e-06 
 2.96000000e+00  1.02021918e-06  2.96000000e+00  1.01036675e-06  2.96000000e+00  1.00136349e-06 
 2.96500000e+00  1.02025255e-06  2.96500000e+00  1.01038158e-06  2.96500000e+00  1.00136707e-06 
 2.97000000e+00  1.02028589e-06  2.97000000e+00  1.01039644e-06  2.97000000e+00  1.00137068e-06 
 2.97500000e+00  1.02031921e-06  2.97500000e+00  1.01041132e-06  2.97500000e+00  1.00137432e-06 
 2.98000000e+00  1.02035249e-06  2.98000000e+00  1.01042622e-06  2.98000000e+00  1.00137799e-06 
 2.98500000e+00  1.02038574e-06  2.98500000e+00  1.01044114e-06  2.98500000e+00  1.00138170e-06 
 2.99000000e+00  1.02041898e-06  2.99000000e+00  1.01045609e-06  2.99000000e+00  1.00138545e-06 
 2.99500000e+00  1.02045218e-06  2.99500000e+00  1.01047107e-06  2.99500000e+00  1.00138923e-06 
 3.00000000e+00  1.02048537e-06  3.00000000e+00  1.01048607e-06  3.00000000e+00  1.00139305e-06 
 3.00500000e+00  1.02051853e-06  3.00500000e+00  1.01050110e-06  3.00500000e+00  1.00139691e-06 
 3.01000000e+00  1.02055167e-06  3.01000000e+00  1.01051617e-06  3.01000000e+00  1.00140081e-06 
 3.01500000e+00  1.02058480e-06  3.01500000e+00  1.01053126e-06  3.01500000e+00  1.00140475e-06 
 3.02000000e+00  1.02061790e-06  3.02000000e+00  1.01054639e-06  3.02000000e+00  1.00140873e-06 
 3.02500000e+00  1.02065100e-06  3.02500000e+00  1.01056155e-06  3.02500000e+00  1.00141276e-06 
 3.03000000e+00  1.02068408e-06  3.03000000e+00  1.01057676e-06  3.03000000e+00  1.00141683e-06 
 3.03500000e+00  1.02071715e-06  3.03500000e+00  1.01059200e-06  3.03500000e+00  1.00142095e-06 
 3.04000000e+00  1.02075021e-06  3.04000000e+00  1.01060728e-06  3.04000000e+00  1.00142511e-06 
 3.04500000e+00  1.02078326e-06  3.04500000e+00  1.01062260e-06  3.04500000e+00  1.00142932e-06 
 3.05000000e+00  1.02081630e-06  3.05000000e+00  1.01063796e-06  3.05000000e+00  1.00143358e-06 
 3.05500000e+00  1.02084934e-06  3.05500000e+00  1.01065337e-06  3.05500000e+00  1.00143790e-06 
 3.06000000e+00  1.02088237e-06  3.06000000e+00  1.01066883e-06  3.06000000e+00  1.00144226e-06 
 3.06500000e+00  1.02091541e-06  3.06500000e+00  1.01068433e-06  3.06500000e+00  1.00144668e-06 
 3.07000000e+00  1.02094844e-06  3.07000000e+00  1.01069989e-06  3.07000000e+00  1.00145115e-06 
 3.07500000e+00  1.02098148e-06  3.07500000e+00  1.01071550e-06  3.07500000e+00  1.00145568e-06 
 3.08000000e+00  1.02101452e-06  3.08000000e+00  1.01073116e-06  3.08000000e+00  1.00146026e-06 
 3.08500000e+00  1.02104757e-06  3.08500000e+00  1.01074687e-06  3.08500000e+00  1.00146490e-06 
 3.09000000e+00  1.02108062e-06  3.09000000e+00  1.01076265e-06  3.09000000e+00  1.00146961e-06 
 3.09500000e+00  1.02111369e-06  3.09500000e+00  1.01077848e-06  3.09500000e+00  1.00147437e-06 
 3.10000000e+00  1.02114676e-06  3.10000000e+00  1.01079437e-06  3.10000000e+00  1.00147920e-06 
 3.10500000e+00  1.02117985e-06  3.10500000e+00  1.01081033e-06  3.10500000e+00  1.00148409e-06 
 3.11000000e+00  1.02121296e-06  3.11000000e+00  1.01082635e-06  3.11000000e+00  1.00148904e-06 
 3.11500000e+00  1.02124608e-06  3.11500000e+00  1.01084244e-06  3.11500000e+00  1.00149406e-06 
 3.12000000e+00  1.02127922e-06  3.12000000e+00  1.01085860e-06  3.12000000e+00  1.00149916e-06 
 3.12500000e+00  1.02131239e-06  3.12500000e+00  1.01087483e-06  3.12500000e+00  1.00150432e-06 
 3.13000000e+00  1.02134557e-06  3.13000000e+00  1.01089113e-06  3.13000000e+00  1.00150955e-06 
 3.13500000e+00  1.02137879e-06  3.13500000e+00  1.01090750e-06  3.13500000e+00  1.00151486e-06 
 3.14000000e+00  1.02141203e-06  3.14000000e+00  1.01092396e-06  3.14000000e+00  1.00152024e-06 
 3.14500000e+00  1.02144530e-06  3.14500000e+00  1.01094049e-06  3.14500000e+00  1.00152569e-06 
 3.15000000e+00  1.02147860e-06  3.15000000e+00  1.01095710e-06  3.15000000e+00  1.00153123e-06 
 3.15500000e+00  1.02151194e-06  3.15500000e+00  1.01097380e-06  3.15500000e+00  1.00153684e-06 
 3.16000000e+00  1.02154532e-06  3.16000000e+00  1.01099058e-06  3.16000000e+00  1.00154254e-06 
 3.16500000e+00  1.02157873e-06  3.16500000e+00  1.01100745e-06  3.16500000e+00  1.00154831e-06 
 3.17000000e+00  1.02161218e-06  3.17000000e+00  1.01102441e-06  3.17000000e+00  1.00155418e-06 
 3.17500000e+00  1.02164568e-06  3.17500000e+00  1.01104147e-06  3.17500000e+00  1.00156012e-06 
 3.18000000e+00  1.02167923e-06  3.18000000e+00  1.01105862e-06  3.18000000e+00  1.00156616e-06 
 3.18500000e+00  1.02171282e-06  3.18500000e+00  1.01107586e-06  3.18500000e+00  1.00157229e-06 
 3.19000000e+00  1.02174646e-06  3.19000000e+00  1.01109321e-06  3.19000000e+00  1.00157851e-06 
 3.19500000e+00  1.02178016e-06  3.19500000e+00  1.01111065e-06  3.19500000e+00  1.00158482e-06 
 3.20000000e+00  1.02181391e-06  3.20000000e+00  1.01112821e-06  3.20000000e+00  1.00159123e-06 
 3.20500000e+00  1.02184772e-06  3.20500000e+00  1.01114586e-06  3.20500000e+00  1.00159773e-06 
 3.21000000e+00  1.02188160e-06  3.21000000e+00  1.01116363e-06  3.21000000e+00  1.00160433e-06 
 3.21500000e+00  1.02191553e-06  3.21500000e+00  1.01118151e-06  3.21500000e+00  1.00161104e-06 
 3.22000000e+00  1.02194953e-06  3.22000000e+00  1.01119951e-06  3.22000000e+00  1.00161785e-06 
 3.22500000e+00  1.02198360e-06  3.22500000e+00  1.01121762e-06  3.22500000e+00  1.00162476e-06 
 3.23000000e+00  1.02201774e-06  3.23000000e+00  1.01123585e-06  3.23000000e+00  1.00163178e-06 
 3.23500000e+00  1.02205195e-06  3.23500000e+00  1.01125420e-06  3.23500000e+00  1.00163891e-06 
 3.24000000e+00  1.02208624e-06  3.24000000e+00  1.01127268e-06  3.24000000e+00  1.00164615e-06 
 3.24500000e+00  1.02212061e-06  3.24500000e+00  1.01129129e-06  3.24500000e+00  1.00165350e-06 
 3.25000000e+00  1.02215507e-06  3.25000000e+00  1.01131002e-06  3.25000000e+00  1.00166097e-06 
 3.25500000e+00  1.02218960e-06  3.25500000e+00  1.01132889e-06  3.25500000e+00  1.00166856e-06 
 3.26000000e+00  1.02222423e-06  3.26000000e+00  1.01134790e-06  3.26000000e+00  1.00167626e-06 
 3.26500000e+00  1.02225894e-06  3.26500000e+00  1.01136705e-06  3.26500000e+00  1.00168409e-06 
 3.27000000e+00  1.02229375e-06  3.27000000e+00  1.01138633e-06  3.27000000e+00  1.00169204e-06 
 3.27500000e+00  1.02232865e-06  3.27500000e+00  1.01140577e-06  3.27500000e+00  1.00170011e-06 
 3.28000000e+00  1.02236366e-06  3.28000000e+00  1.01142535e-06  3.28000000e+00  1.00170832e-06 
 3.28500000e+00  1.02239876e-06  3.28500000e+00  1.01144508e-06  3.28500000e+00  1.00171665e-06 
 3.29000000e+00  1.02243397e-06  3.29000000e+00  1.01146496e-06  3.29000000e+00  1.00172512e-06 
 3.29500000e+00  1.02246929e-06  3.29500000e+00  1.01148500e-06  3.29500000e+00  1.00173372e-06 
 3.30000000e+00  1.02250473e-06  3.30000000e+00  1.01150521e-06  3.30000000e+00  1.00174246e-06 
 3.30500000e+00  1.02254027e-06  3.30500000e+00  1.01152557e-06  3.30500000e+00  1.00175134e-06 
 3.31000000e+00  1.02257594e-06  3.31000000e+00  1.01154610e-06  3.31000000e+00  1.00176036e-06 
 3.31500000e+00  1.02261172e-06  3.31500000e+00  1.01156681e-06  3.31500000e+00  1.00176953e-06 
 3.32000000e+00  1.02264763e-06  3.32000000e+00  1.01158768e-06  3.32000000e+00  1.00177885e-06 
 3.32500000e+00  1.02268367e-06  3.32500000e+00  1.01160873e-06  3.32500000e+00  1.00178831e-06 
 3.33000000e+00  1.02271984e-06  3.33000000e+00  1.01162996e-06  3.33000000e+00  1.00179792e-06 
 3.33500000e+00  1.02275614e-06  3.33500000e+00  1.01165138e-06  3.33500000e+00  1.00180769e-06 
 3.34000000e+00  1.02279259e-06  3.34000000e+00  1.01167298e-06  3.34000000e+00  1.00181762e-06 
 3.34500000e+00  1.02282917e-06  3.34500000e+00  1.01169477e-06  3.34500000e+00  1.00182771e-06 
 3.35000000e+00  1.02286590e-06  3.35000000e+00  1.01171675e-06  3.35000000e+00  1.00183796e-06 
 3.35500000e+00  1.02290277e-06  3.35500000e+00  1.01173893e-06  3.35500000e+00  1.00184837e-06 
 3.36000000e+00  1.02293980e-06  3.36000000e+00  1.01176131e-06  3.36000000e+00  1.00185895e-06 
 3.36500000e+00  1.02297698e-06  3.36500000e+00  1.01178390e-06  3.36500000e+00  1.00186971e-06 
 3.37000000e+00  1.02301433e-06  3.37000000e+00  1.01180669e-06  3.37000000e+00  1.00188063e-06 
 3.37500000e+00  1.02305183e-06  3.37500000e+00  1.01182969e-06  3.37500000e+00  1.00189173e-06 
 3.38000000e+00  1.02308951e-06  3.38000000e+00  1.01185291e-06  3.38000000e+00  1.00190301e-06 
 3.38500000e+00  1.02312735e-06  3.38500000e+00  1.01187635e-06  3.38500000e+00  1.00191447e-06 
 3.39000000e+00  1.02316537e-06  3.39000000e+00  1.01190001e-06  3.39000000e+00  1.00192612e-06 
 3.39500000e+00  1.02320356e-06  3.39500000e+00  1.01192390e-06  3.39500000e+00  1.00193795e-06 
 3.40000000e+00  1.02324194e-06  3.40000000e+00  1.01194801e-06  3.40000000e+00  1.00194998e-06 
 3.40500000e+00  1.02328050e-06  3.40500000e+00  1.01197237e-06  3.40500000e+00  1.00196219e-06 
 3.41000000e+00  1.02331925e-06  3.41000000e+00  1.01199696e-06  3.41000000e+00  1.00197461e-06 
 3.41500000e+00  1.02335820e-06  3.41500000e+00  1.01202179e-06  3.41500000e+00  1.00198722e-06 
 3.42000000e+00  1.02339735e-06  3.42000000e+00  1.01204687e-06  3.42000000e+00  1.00200003e-06 
 3.42500000e+00  1.02343669e-06  3.42500000e+00  1.01207220e-06  3.42500000e+00  1.00201305e-06 
 3.43000000e+00  1.02347625e-06  3.43000000e+00  1.01209779e-06  3.43000000e+00  1.00202628e-06 
 3.43500000e+00  1.02351601e-06  3.43500000e+00  1.01212363e-06  3.43500000e+00  1.00203972e-06 
 3.44000000e+00  1.02355599e-06  3.44000000e+00  1.01214974e-06  3.44000000e+00  1.00205338e-06 
 3.44500000e+00  1.02359618e-06  3.44500000e+00  1.01217611e-06  3.44500000e+00  1.00206725e-06 
 3.45000000e+00  1.02363660e-06  3.45000000e+00  1.01220276e-06  3.45000000e+00  1.00208135e-06 
 3.45500000e+00  1.02367725e-06  3.45500000e+00  1.01222968e-06  3.45500000e+00  1.00209567e-06 
 3.46000000e+00  1.02371813e-06  3.46000000e+00  1.01225689e-06  3.46000000e+00  1.00211022e-06 
 3.46500000e+00  1.02375925e-06  3.46500000e+00  1.01228438e-06  3.46500000e+00  1.00212500e-06 
 3.47000000e+00  1.02380060e-06  3.47000000e+00  1.01231216e-06  3.47000000e+00  1.00214002e-06 
 3.47500000e+00  1.02384220e-06  3.47500000e+00  1.01234023e-06  3.47500000e+00  1.00215527e-06 
 3.48000000e+00  1.02388406e-06  3.48000000e+00  1.01236860e-06  3.48000000e+00  1.00217077e-06 
 3.48500000e+00  1.02392616e-06  3.48500000e+00  1.01239728e-06  3.48500000e+00  1.00218651e-06 
 3.49000000e+00  1.02396853e-06  3.49000000e+00  1.01242626e-06  3.49000000e+00  1.00220250e-06 
 3.49500000e+00  1.02401116e-06  3.49500000e+00  1.01245556e-06  3.49500000e+00  1.00221875e-06 
 3.50000000e+00  1.02405406e-06  3.50000000e+00  1.01248518e-06  3.50000000e+00  1.00223525e-06 
 3.50500000e+00  1.02409723e-06  3.50500000e+00  1.01251511e-06  3.50500000e+00  1.00225202e-06 
 3.51000000e+00  1.02414068e-06  3.51000000e+00  1.01254538e-06  3.51000000e+00  1.00226905e-06 
 3.51500000e+00  1.02418442e-06  3.51500000e+00  1.01257598e-06  3.51500000e+00  1.00228635e-06 
 3.52000000e+00  1.02422844e-06  3.52000000e+00  1.01260691e-06  3.52000000e+00  1.00230392e-06 
 3.52500000e+00  1.02427276e-06  3.52500000e+00  1.01263819e-06  3.52500000e+00  1.00232177e-06 
 3.53000000e+00  1.02431738e-06  3.53000000e+00  1.01266982e-06  3.53000000e+00  1.00233990e-06 
 3.53500000e+00  1.02436230e-06  3.53500000e+00  1.01270180e-06  3.53500000e+00  1.00235831e-06 
 3.54000000e+00  1.02440752e-06  3.54000000e+00  1.01273413e-06  3.54000000e+00  1.00237701e-06 
 3.54500000e+00  1.02445307e-06  3.54500000e+00  1.01276683e-06  3.54500000e+00  1.00239601e-06 
 3.55000000e+00  1.02449893e-06  3.55000000e+00  1.01279990e-06  3.55000000e+00  1.00241530e-06 
 3.55500000e+00  1.02454512e-06  3.55500000e+00  1.01283335e-06  3.55500000e+00  1.00243490e-06 
 3.56000000e+00  1.02459163e-06  3.56000000e+00  1.01286717e-06  3.56000000e+00  1.00245480e-06 
 3.56500000e+00  1.02463848e-06  3.56500000e+00  1.01290137e-06  3.56500000e+00  1.00247502e-06 
 3.57000000e+00  1.02468568e-06  3.57000000e+00  1.01293597e-06  3.57000000e+00  1.00249555e-06 
 3.57500000e+00  1.02473322e-06  3.57500000e+00  1.01297097e-06  3.57500000e+00  1.00251640e-06 
 3.58000000e+00  1.02478111e-06  3.58000000e+00  1.01300636e-06  3.58000000e+00  1.00253757e-06 
 3.58500000e+00  1.02482936e-06  3.58500000e+00  1.01304216e-06  3.58500000e+00  1.00255908e-06 
 3.59000000e+00  1.02487797e-06  3.59000000e+00  1.01307838e-06  3.59000000e+00  1.00258092e-06 
 3.59500000e+00  1.02492695e-06  3.59500000e+00  1.01311501e-06  3.59500000e+00  1.00260309e-06 
 3.60000000e+00  1.02497631e-06  3.60000000e+00  1.01315207e-06  3.60000000e+00  1.00262561e-06 
 3.60500000e+00  1.02502605e-06  3.60500000e+00  1.01318956e-06  3.60500000e+00  1.00264849e-06 
 3.61000000e+00  1.02507617e-06  3.61000000e+00  1.01322748e-06  3.61000000e+00  1.00267171e-06 
 3.61500000e+00  1.02512669e-06  3.61500000e+00  1.01326585e-06  3.61500000e+00  1.00269530e-06 
 3.62000000e+00  1.02517760e-06  3.62000000e+00  1.01330466e-06  3.62000000e+00  1.00271924e-06 
 3.62500000e+00  1.02522892e-06  3.62500000e+00  1.01334393e-06  3.62500000e+00  1.00274356e-06 
 3.63000000e+00  1.02528065e-06  3.63000000e+00  1.01338366e-06  3.63000000e+00  1.00276825e-06 
 3.63500000e+00  1.02533280e-06  3.63500000e+00  1.01342386e-06  3.63500000e+00  1.00279333e-06 
 3.64000000e+00  1.02538537e-06  3.64000000e+00  1.01346453e-06  3.64000000e+00  1.00281879e-06 
 3.64500000e+00  1.02543837e-06  3.64500000e+00  1.01350567e-06  3.64500000e+00  1.00284464e-06 
 3.65000000e+00  1.02549180e-06  3.65000000e+00  1.01354731e-06  3.65000000e+00  1.00287089e-06 
 3.65500000e+00  1.02554568e-06  3.65500000e+00  1.01358944e-06  3.65500000e+00  1.00289753e-06 
 3.66000000e+00  1.02560001e-06  3.66000000e+00  1.01363206e-06  3.66000000e+00  1.00292459e-06 
 3.66500000e+00  1.02565479e-06  3.66500000e+00  1.01367519e-06  3.66500000e+00  1.00295206e-06 
 3.67000000e+00  1.02571003e-06  3.67000000e+00  1.01371883e-06  3.67000000e+00  1.00297996e-06 
 3.67500000e+00  1.02576574e-06  3.67500000e+00  1.01376299e-06  3.67500000e+00  1.00300827e-06 
 3.68000000e+00  1.02582193e-06  3.68000000e+00  1.01380768e-06  3.68000000e+00  1.00303702e-06 
 3.68500000e+00  1.02587860e-06  3.68500000e+00  1.01385289e-06  3.68500000e+00  1.00306621e-06 
 3.69000000e+00  1.02593575e-06  3.69000000e+00  1.01389865e-06  3.69000000e+00  1.00309584e-06 
 3.69500000e+00  1.02599340e-06  3.69500000e+00  1.01394495e-06  3.69500000e+00  1.00312592e-06 
 3.70000000e+00  1.02605156e-06  3.70000000e+00  1.01399180e-06  3.70000000e+00  1.00315646e-06 
 3.70500000e+00  1.02611022e-06  3.70500000e+00  1.01403922e-06  3.70500000e+00  1.00318746e-06 
 3.71000000e+00  1.02616940e-06  3.71000000e+00  1.01408720e-06  3.71000000e+00  1.00321893e-06 
 3.71500000e+00  1.02622910e-06  3.71500000e+00  1.01413575e-06  3.71500000e+00  1.00325088e-06 
 3.72000000e+00  1.02628933e-06  3.72000000e+00  1.01418488e-06  3.72000000e+00  1.00328331e-06 
 3.72500000e+00  1.02635010e-06  3.72500000e+00  1.01423461e-06  3.72500000e+00  1.00331622e-06 
 3.73000000e+00  1.02641141e-06  3.73000000e+00  1.01428492e-06  3.73000000e+00  1.00334964e-06 
 3.73500000e+00  1.02647328e-06  3.73500000e+00  1.01433584e-06  3.73500000e+00  1.00338355e-06 
 3.74000000e+00  1.02653570e-06  3.74000000e+00  1.01438737e-06  3.74000000e+00  1.00341798e-06 
 3.74500000e+00  1.02659870e-06  3.74500000e+00  1.01443952e-06  3.74500000e+00  1.00345292e-06 
 3.75000000e+00  1.02666226e-06  3.75000000e+00  1.01449229e-06  3.75000000e+00  1.00348838e-06 
 3.75500000e+00  1.02672641e-06  3.75500000e+00  1.01454570e-06  3.75500000e+00  1.00352438e-06 
 3.76000000e+00  1.02679115e-06  3.76000000e+00  1.01459975e-06  3.76000000e+00  1.00356091e-06 
 3.76500000e+00  1.02685649e-06  3.76500000e+00  1.01465444e-06  3.76500000e+00  1.00359799e-06 
 3.77000000e+00  1.02692243e-06  3.77000000e+00  1.01470979e-06  3.77000000e+00  1.00363562e-06 
 3.77500000e+00  1.02698898e-06  3.77500000e+00  1.01476580e-06  3.77500000e+00  1.00367381e-06 
 3.78000000e+00  1.02705615e-06  3.78000000e+00  1.01482249e-06  3.78000000e+00  1.00371257e-06 
 3.78500000e+00  1.02712396e-06  3.78500000e+00  1.01487986e-06  3.78500000e+00  1.00375190e-06 
 3.79000000e+00  1.02719240e-06  3.79000000e+00  1.01493791e-06  3.79000000e+00  1.00379181e-06 
 3.79500000e+00  1.02726148e-06  3.79500000e+00  1.01499666e-06  3.79500000e+00  1.00383231e-06 
 3.80000000e+00  1.02733122e-06  3.80000000e+00  1.01505611e-06  3.80000000e+00  1.00387342e-06 
 3.80500000e+00  1.02740161e-06  3.80500000e+00  1.01511627e-06  3.80500000e+00  1.00391512e-06 
 3.81000000e+00  1.02747268e-06  3.81000000e+00  1.01517716e-06  3.81000000e+00  1.00395744e-06 
 3.81500000e+00  1.02754443e-06  3.81500000e+00  1.01523877e-06  3.81500000e+00  1.00400038e-06 
 3.82000000e+00  1.02761686e-06  3.82000000e+00  1.01530113e-06  3.82000000e+00  1.00404395e-06 
 3.82500000e+00  1.02768998e-06  3.82500000e+00  1.01536422e-06  3.82500000e+00  1.00408816e-06 
 3.83000000e+00  1.02776381e-06  3.83000000e+00  1.01542807e-06  3.83000000e+00  1.00413301e-06 
 3.83500000e+00  1.02783835e-06  3.83500000e+00  1.01549269e-06  3.83500000e+00  1.00417852e-06 
 3.84000000e+00  1.02791361e-06  3.84000000e+00  1.01555807e-06  3.84000000e+00  1.00422469e-06 
 3.84500000e+00  1.02798959e-06  3.84500000e+00  1.01562424e-06  3.84500000e+00  1.00427154e-06 
 3.85000000e+00  1.02806632e-06  3.85000000e+00  1.01569119e-06  3.85000000e+00  1.00431906e-06 
 3.85500000e+00  1.02814379e-06  3.85500000e+00  1.01575895e-06  3.85500000e+00  1.00436726e-06 
 3.86000000e+00  1.02822202e-06  3.86000000e+00  1.01582751e-06  3.86000000e+00  1.00441617e-06 
 3.86500000e+00  1.02830101e-06  3.86500000e+00  1.01589688e-06  3.86500000e+00  1.00446578e-06 
 3.87000000e+00  1.02838077e-06  3.87000000e+00  1.01596708e-06  3.87000000e+00  1.00451611e-06 
 3.87500000e+00  1.02846132e-06  3.87500000e+00  1.01603812e-06  3.87500000e+00  1.00456716e-06 
 3.88000000e+00  1.02854266e-06  3.88000000e+00  1.01611000e-06  3.88000000e+00  1.00461894e-06 
 3.88500000e+00  1.02862480e-06  3.88500000e+00  1.01618273e-06  3.88500000e+00  1.00467146e-06 
 3.89000000e+00  1.02870774e-06  3.89000000e+00  1.01625632e-06  3.89000000e+00  1.00472473e-06 
 3.89500000e+00  1.02879151e-06  3.89500000e+00  1.01633078e-06  3.89500000e+00  1.00477876e-06 
 3.90000000e+00  1.02887611e-06  3.90000000e+00  1.01640613e-06  3.90000000e+00  1.00483357e-06 
 3.90500000e+00  1.02896154e-06  3.90500000e+00  1.01648236e-06  3.90500000e+00  1.00488915e-06 
 3.91000000e+00  1.02904783e-06  3.91000000e+00  1.01655949e-06  3.91000000e+00  1.00494551e-06 
 3.91500000e+00  1.02913497e-06  3.91500000e+00  1.01663754e-06  3.91500000e+00  1.00500268e-06 
 3.92000000e+00  1.02922298e-06  3.92000000e+00  1.01671650e-06  3.92000000e+00  1.00506065e-06 
 3.92500000e+00  1.02931186e-06  3.92500000e+00  1.01679639e-06  3.92500000e+00  1.00511944e-06 
 3.93000000e+00  1.02940163e-06  3.93000000e+00  1.01687723e-06  3.93000000e+00  1.00517905e-06 
 3.93500000e+00  1.02949230e-06  3.93500000e+00  1.01695901e-06  3.93500000e+00  1.00523950e-06 
 3.94000000e+00  1.02958388e-06  3.94000000e+00  1.01704175e-06  3.94000000e+00  1.00530080e-06 
 3.94500000e+00  1.02967637e-06  3.94500000e+00  1.01712545e-06  3.94500000e+00  1.00536296e-06 
 3.95000000e+00  1.02976979e-06  3.95000000e+00  1.01721014e-06  3.95000000e+00  1.00542598e-06 
 3.95500000e+00  1.02986414e-06  3.95500000e+00  1.01729582e-06  3.95500000e+00  1.00548987e-06 
 3.96000000e+00  1.02995944e-06  3.96000000e+00  1.01738249e-06  3.96000000e+00  1.00555466e-06 
 3.96500000e+00  1.03005570e-06  3.96500000e+00  1.01747018e-06  3.96500000e+00  1.00562034e-06 
 3.97000000e+00  1.03015293e-06  3.97000000e+00  1.01755889e-06  3.97000000e+00  1.00568693e-06 
 3.97500000e+00  1.03025114e-06  3.97500000e+00  1.01764863e-06  3.97500000e+00  1.00575444e-06 
 3.98000000e+00  1.03035034e-06  3.98000000e+00  1.01773940e-06  3.98000000e+00  1.00582287e-06 
 3.98500000e+00  1.03045053e-06  3.98500000e+00  1.01783124e-06  3.98500000e+00  1.00589225e-06 
 3.99000000e+00  1.03055174e-06  3.99000000e+00  1.01792413e-06  3.99000000e+00  1.00596257e-06 
 3.99500000e+00  1.03065396e-06  3.99500000e+00  1.01801810e-06  3.99500000e+00  1.00603386e-06 
 4.00000000e+00  1.03075722e-06  4.00000000e+00  1.01811315e-06  4.00000000e+00  1.00610612e-06 
 4.00500000e+00  1.03086153e-06  4.00500000e+00  1.01820930e-06  4.00500000e+00  1.00617936e-06 
 4.01000000e+00  1.03096688e-06  4.01000000e+00  1.01830655e-06  4.01000000e+00  1.00625360e-06 
 4.01500000e+00  1.03107330e-06  4.01500000e+00  1.01840493e-06  4.01500000e+00  1.00632884e-06 
 4.02000000e+00  1.03118080e-06  4.02000000e+00  1.01850443e-06  4.02000000e+00  1.00640510e-06 
 4.02500000e+00  1.03128938e-06  4.02500000e+00  1.01860507e-06  4.02500000e+00  1.00648238e-06 
 4.03000000e+00  1.03139906e-06  4.03000000e+00  1.01870686e-06  4.03000000e+00  1.00656071e-06 
 4.03500000e+00  1.03150985e-06  4.03500000e+00  1.01880981e-06  4.03500000e+00  1.00664008e-06 
 4.04000000e+00  1.03162177e-06  4.04000000e+00  1.01891394e-06  4.04000000e+00  1.00672052e-06 
 4.04500000e+00  1.03173481e-06  4.04500000e+00  1.01901925e-06  4.04500000e+00  1.00680204e-06 
 4.05000000e+00  1.03184900e-06  4.05000000e+00  1.01912576e-06  4.05000000e+00  1.00688464e-06 
 4.05500000e+00  1.03196434e-06  4.05500000e+00  1.01923348e-06  4.05500000e+00  1.00696834e-06 
 4.06000000e+00  1.03208086e-06  4.06000000e+00  1.01934242e-06  4.06000000e+00  1.00705314e-06 
 4.06500000e+00  1.03219855e-06  4.06500000e+00  1.01945259e-06  4.06500000e+00  1.00713908e-06 
 4.07000000e+00  1.03231743e-06  4.07000000e+00  1.01956400e-06  4.07000000e+00  1.00722614e-06 
 4.07500000e+00  1.03243751e-06  4.07500000e+00  1.01967667e-06  4.07500000e+00  1.00731435e-06 
 4.08000000e+00  1.03255881e-06  4.08000000e+00  1.01979061e-06  4.08000000e+00  1.00740372e-06 
 4.08500000e+00  1.03268134e-06  4.08500000e+00  1.01990583e-06  4.08500000e+00  1.00749426e-06 
 4.09000000e+00  1.03280511e-06  4.09000000e+00  1.02002234e-06  4.09000000e+00  1.00758599e-06 
 4.09500000e+00  1.03293012e-06  4.09500000e+00  1.02014016e-06  4.09500000e+00  1.00767891e-06 
 4.10000000e+00  1.03305640e-06  4.10000000e+00  1.02025929e-06  4.10000000e+00  1.00777304e-06 
 4.10500000e+00  1.03318396e-06  4.10500000e+00  1.02037975e-06  4.10500000e+00  1.00786839e-06 
 4.11000000e+00  1.03331280e-06  4.11000000e+00  1.02050155e-06  4.11000000e+00  1.00796498e-06 
 4.11500000e+00  1.03344295e-06  4.11500000e+00  1.02062470e-06  4.11500000e+00  1.00806281e-06 
 4.12000000e+00  1.03357441e-06  4.12000000e+00  1.02074923e-06  4.12000000e+00  1.00816191e-06 
 4.12500000e+00  1.03370719e-06  4.12500000e+00  1.02087513e-06  4.12500000e+00  1.00826228e-06 
 4.13000000e+00  1.03384132e-06  4.13000000e+00  1.02100242e-06  4.13000000e+00  1.00836393e-06 
 4.13500000e+00  1.03397679e-06  4.13500000e+00  1.02113112e-06  4.13500000e+00  1.00846689e-06 
 4.14000000e+00  1.03411363e-06  4.14000000e+00  1.02126123e-06  4.14000000e+00  1.00857116e-06 
 4.14500000e+00  1.03425185e-06  4.14500000e+00  1.02139278e-06  4.14500000e+00  1.00867676e-06 
 4.15000000e+00  1.03439146e-06  4.15000000e+00  1.02152577e-06  4.15000000e+00  1.00878370e-06 
 4.15500000e+00  1.03453247e-06  4.15500000e+00  1.02166021e-06  4.15500000e+00  1.00889200e-06 
 4.16000000e+00  1.03467490e-06  4.16000000e+00  1.02179613e-06  4.16000000e+00  1.00900166e-06 
 4.16500000e+00  1.03481876e-06  4.16500000e+00  1.02193353e-06  4.16500000e+00  1.00911270e-06 
 4.17000000e+00  1.03496406e-06  4.17000000e+00  1.02207242e-06  4.17000000e+00  1.00922515e-06 
 4.17500000e+00  1.03511081e-06  4.17500000e+00  1.02221283e-06  4.17500000e+00  1.00933900e-06 
 4.18000000e+00  1.03525904e-06  4.18000000e+00  1.02235476e-06  4.18000000e+00  1.00945428e-06 
 4.18500000e+00  1.03540875e-06  4.18500000e+00  1.02249822e-06  4.18500000e+00  1.00957099e-06 
 4.19000000e+00  1.03555996e-06  4.19000000e+00  1.02264324e-06  4.19000000e+00  1.00968916e-06 
 4.19500000e+00  1.03571269e-06  4.19500000e+00  1.02278982e-06  4.19500000e+00  1.00980880e-06 
 4.20000000e+00  1.03586693e-06  4.20000000e+00  1.02293798e-06  4.20000000e+00  1.00992992e-06 
 4.20500000e+00  1.03602272e-06  4.20500000e+00  1.02308773e-06  4.20500000e+00  1.01005254e-06 
 4.21000000e+00  1.03618005e-06  4.21000000e+00  1.02323909e-06  4.21000000e+00  1.01017667e-06 
 4.21500000e+00  1.03633896e-06  4.21500000e+00  1.02339206e-06  4.21500000e+00  1.01030232e-06 
 4.22000000e+00  1.03649944e-06  4.22000000e+00  1.02354667e-06  4.22000000e+00  1.01042952e-06 
 4.22500000e+00  1.03666152e-06  4.22500000e+00  1.02370293e-06  4.22500000e+00  1.01055827e-06 
 4.23000000e+00  1.03682521e-06  4.23000000e+00  1.02386085e-06  4.23000000e+00  1.01068860e-06 
 4.23500000e+00  1.03699052e-06  4.23500000e+00  1.02402045e-06  4.23500000e+00  1.01082051e-06 
 4.24000000e+00  1.03715747e-06  4.24000000e+00  1.02418174e-06  4.24000000e+00  1.01095403e-06 
 4.24500000e+00  1.03732608e-06  4.24500000e+00  1.02434473e-06  4.24500000e+00  1.01108916e-06 
 4.25000000e+00  1.03749635e-06  4.25000000e+00  1.02450945e-06  4.25000000e+00  1.01122593e-06 
 4.25500000e+00  1.03766830e-06  4.25500000e+00  1.02467590e-06  4.25500000e+00  1.01136435e-06 
 4.26000000e+00  1.03784195e-06  4.26000000e+00  1.02484409e-06  4.26000000e+00  1.01150443e-06 
 4.26500000e+00  1.03801731e-06  4.26500000e+00  1.02501406e-06  4.26500000e+00  1.01164620e-06 
 4.27000000e+00  1.03819439e-06  4.27000000e+00  1.02518580e-06  4.27000000e+00  1.01178966e-06 
 4.27500000e+00  1.03837322e-06  4.27500000e+00  1.02535934e-06  4.27500000e+00  1.01193483e-06 
 4.28000000e+00  1.03855380e-06  4.28000000e+00  1.02553468e-06  4.28000000e+00  1.01208173e-06 
 4.28500000e+00  1.03873616e-06  4.28500000e+00  1.02571185e-06  4.28500000e+00  1.01223038e-06 
 4.29000000e+00  1.03892030e-06  4.29000000e+00  1.02589086e-06  4.29000000e+00  1.01238079e-06 
 4.29500000e+00  1.03910624e-06  4.29500000e+00  1.02607172e-06  4.29500000e+00  1.01253297e-06 
 4.30000000e+00  1.03929400e-06  4.30000000e+00  1.02625445e-06  4.30000000e+00  1.01268696e-06 
 4.30500000e+00  1.03948359e-06  4.30500000e+00  1.02643907e-06  4.30500000e+00  1.01284275e-06 
 4.31000000e+00  1.03967503e-06  4.31000000e+00  1.02662559e-06  4.31000000e+00  1.01300037e-06 
 4.31500000e+00  1.03986833e-06  4.31500000e+00  1.02681402e-06  4.31500000e+00  1.01315984e-06 
 4.32000000e+00  1.04006351e-06  4.32000000e+00  1.02700439e-06  4.32000000e+00  1.01332117e-06 
 4.32500000e+00  1.04026059e-06  4.32500000e+00  1.02719671e-06  4.32500000e+00  1.01348438e-06 
 4.33000000e+00  1.04045958e-06  4.33000000e+00  1.02739098e-06  4.33000000e+00  1.01364948e-06 
 4.33500000e+00  1.04066049e-06  4.33500000e+00  1.02758724e-06  4.33500000e+00  1.01381650e-06 
 4.34000000e+00  1.04086335e-06  4.34000000e+00  1.02778549e-06  4.34000000e+00  1.01398545e-06 
 4.34500000e+00  1.04106816e-06  4.34500000e+00  1.02798575e-06  4.34500000e+00  1.01415635e-06 
 4.35000000e+00  1.04127495e-06  4.35000000e+00  1.02818804e-06  4.35000000e+00  1.01432921e-06 
 4.35500000e+00  1.04148373e-06  4.35500000e+00  1.02839238e-06  4.35500000e+00  1.01450406e-06 
 4.36000000e+00  1.04169452e-06  4.36000000e+00  1.02859877e-06  4.36000000e+00  1.01468091e-06 
 4.36500000e+00  1.04190733e-06  4.36500000e+00  1.02880724e-06  4.36500000e+00  1.01485978e-06 
 4.37000000e+00  1.04212218e-06  4.37000000e+00  1.02901780e-06  4.37000000e+00  1.01504069e-06 
 4.37500000e+00  1.04233909e-06  4.37500000e+00  1.02923047e-06  4.37500000e+00  1.01522365e-06 
 4.38000000e+00  1.04255807e-06  4.38000000e+00  1.02944527e-06  4.38000000e+00  1.01540869e-06 
 4.38500000e+00  1.04277914e-06  4.38500000e+00  1.02966220e-06  4.38500000e+00  1.01559582e-06 
 4.39000000e+00  1.04300232e-06  4.39000000e+00  1.02988130e-06  4.39000000e+00  1.01578506e-06 
 4.39500000e+00  1.04322762e-06  4.39500000e+00  1.03010257e-06  4.39500000e+00  1.01597643e-06 
 4.40000000e+00  1.04345506e-06  4.40000000e+00  1.03032604e-06  4.40000000e+00  1.01616995e-06 
 4.40500000e+00  1.04368466e-06  4.40500000e+00  1.03055171e-06  4.40500000e+00  1.01636564e-06 
 4.41000000e+00  1.04391643e-06  4.41000000e+00  1.03077961e-06  4.41000000e+00  1.01656351e-06 
 4.41500000e+00  1.04415039e-06  4.41500000e+00  1.03100975e-06  4.41500000e+00  1.01676359e-06 
 4.42000000e+00  1.04438657e-06  4.42000000e+00  1.03124215e-06  4.42000000e+00  1.01696589e-06 
 4.42500000e+00  1.04462496e-06  4.42500000e+00  1.03147683e-06  4.42500000e+00  1.01717044e-06 
 4.43000000e+00  1.04486561e-06  4.43000000e+00  1.03171381e-06  4.43000000e+00  1.01737725e-06 
 4.43500000e+00  1.04510851e-06  4.43500000e+00  1.03195310e-06  4.43500000e+00  1.01758634e-06 
 4.44000000e+00  1.04535369e-06  4.44000000e+00  1.03219472e-06  4.44000000e+00  1.01779773e-06 
 4.44500000e+00  1.04560117e-06  4.44500000e+00  1.03243868e-06  4.44500000e+00  1.01801145e-06 
 4.45000000e+00  1.04585096e-06  4.45000000e+00  1.03268502e-06  4.45000000e+00  1.01822750e-06 
 4.45500000e+00  1.04610308e-06  4.45500000e+00  1.03293373e-06  4.45500000e+00  1.01844592e-06 
 4.46000000e+00  1.04635755e-06  4.46000000e+00  1.03318485e-06  4.46000000e+00  1.01866672e-06 
 4.46500000e+00  1.04661439e-06  4.46500000e+00  1.03343838e-06  4.46500000e+00  1.01888992e-06 
 4.47000000e+00  1.04687361e-06  4.47000000e+00  1.03369435e-06  4.47000000e+00  1.01911554e-06 
 4.47500000e+00  1.04713524e-06  4.47500000e+00  1.03395277e-06  4.47500000e+00  1.01934361e-06 
 4.48000000e+00  1.04739929e-06  4.48000000e+00  1.03421367e-06  4.48000000e+00  1.01957413e-06 
 4.48500000e+00  1.04766578e-06  4.48500000e+00  1.03447706e-06  4.48500000e+00  1.01980714e-06 
 4.49000000e+00  1.04793473e-06  4.49000000e+00  1.03474296e-06  4.49000000e+00  1.02004266e-06 
 4.49500000e+00  1.04820615e-06  4.49500000e+00  1.03501138e-06  4.49500000e+00  1.02028070e-06 
 4.50000000e+00  1.04848007e-06  4.50000000e+00  1.03528235e-06  4.50000000e+00  1.02052128e-06 
 4.50500000e+00  1.04875650e-06  4.50500000e+00  1.03555589e-06  4.50500000e+00  1.02076443e-06 
 4.51000000e+00  1.04903547e-06  4.51000000e+00  1.03583200e-06  4.51000000e+00  1.02101017e-06 
 4.51500000e+00  1.04931698e-06  4.51500000e+00  1.03611072e-06  4.51500000e+00  1.02125852e-06 
 4.52000000e+00  1.04960107e-06  4.52000000e+00  1.03639206e-06  4.52000000e+00  1.02150950e-06 
 4.52500000e+00  1.04988774e-06  4.52500000e+00  1.03667604e-06  4.52500000e+00  1.02176313e-06 
 4.53000000e+00  1.05017702e-06  4.53000000e+00  1.03696268e-06  4.53000000e+00  1.02201943e-06 
 4.53500000e+00  1.05046893e-06  4.53500000e+00  1.03725199e-06  4.53500000e+00  1.02227843e-06 
 4.54000000e+00  1.05076349e-06  4.54000000e+00  1.03754400e-06  4.54000000e+00  1.02254015e-06 
 4.54500000e+00  1.05106071e-06  4.54500000e+00  1.03783872e-06  4.54500000e+00  1.02280460e-06 
 4.55000000e+00  1.05136061e-06  4.55000000e+00  1.03813618e-06  4.55000000e+00  1.02307182e-06 
 4.55500000e+00  1.05166322e-06  4.55500000e+00  1.03843639e-06  4.55500000e+00  1.02334182e-06 
 4.56000000e+00  1.05196855e-06  4.56000000e+00  1.03873938e-06  4.56000000e+00  1.02361463e-06 
 4.56500000e+00  1.05227662e-06  4.56500000e+00  1.03904515e-06  4.56500000e+00  1.02389026e-06 
 4.57000000e+00  1.05258746e-06  4.57000000e+00  1.03935374e-06  4.57000000e+00  1.02416875e-06 
 4.57500000e+00  1.05290108e-06  4.57500000e+00  1.03966516e-06  4.57500000e+00  1.02445010e-06 
 4.58000000e+00  1.05321750e-06  4.58000000e+00  1.03997943e-06  4.58000000e+00  1.02473436e-06 
 4.58500000e+00  1.05353674e-06  4.58500000e+00  1.04029657e-06  4.58500000e+00  1.02502153e-06 
 4.59000000e+00  1.05385882e-06  4.59000000e+00  1.04061660e-06  4.59000000e+00  1.02531165e-06 
 4.59500000e+00  1.05418377e-06  4.59500000e+00  1.04093954e-06  4.59500000e+00  1.02560473e-06 
 4.60000000e+00  1.05451159e-06  4.60000000e+00  1.04126542e-06  4.60000000e+00  1.02590080e-06 
 4.60500000e+00  1.05484232e-06  4.60500000e+00  1.04159424e-06  4.60500000e+00  1.02619988e-06 
 4.61000000e+00  1.05517597e-06  4.61000000e+00  1.04192603e-06  4.61000000e+00  1.02650200e-06 
 4.61500000e+00  1.05551256e-06  4.61500000e+00  1.04226081e-06  4.61500000e+00  1.02680718e-06 
 4.62000000e+00  1.05585211e-06  4.62000000e+00  1.04259861e-06  4.62000000e+00  1.02711544e-06 
 4.62500000e+00  1.05619465e-06  4.62500000e+00  1.04293943e-06  4.62500000e+00  1.02742681e-06 
 4.63000000e+00  1.05654019e-06  4.63000000e+00  1.04328331e-06  4.63000000e+00  1.02774130e-06 
 4.63500000e+00  1.05688875e-06  4.63500000e+00  1.04363026e-06  4.63500000e+00  1.02805896e-06 
 4.64000000e+00  1.05724036e-06  4.64000000e+00  1.04398030e-06  4.64000000e+00  1.02837979e-06 
 4.64500000e+00  1.05759504e-06  4.64500000e+00  1.04433345e-06  4.64500000e+00  1.02870382e-06 
 4.65000000e+00  1.05795280e-06  4.65000000e+00  1.04468974e-06  4.65000000e+00  1.02903109e-06 
 4.65500000e+00  1.05831367e-06  4.65500000e+00  1.04504918e-06  4.65500000e+00  1.02936160e-06 
 4.66000000e+00  1.05867766e-06  4.66000000e+00  1.04541180e-06  4.66000000e+00  1.02969539e-06 
 4.66500000e+00  1.05904481e-06  4.66500000e+00  1.04577762e-06  4.66500000e+00  1.03003249e-06 
 4.67000000e+00  1.05941513e-06  4.67000000e+00  1.04614665e-06  4.67000000e+00  1.03037291e-06 
 4.67500000e+00  1.05978864e-06  4.67500000e+00  1.04651892e-06  4.67500000e+00  1.03071669e-06 
 4.68000000e+00  1.06016536e-06  4.68000000e+00  1.04689445e-06  4.68000000e+00  1.03106384e-06 
 4.68500000e+00  1.06054531e-06  4.68500000e+00  1.04727327e-06  4.68500000e+00  1.03141439e-06 
 4.69000000e+00  1.06092853e-06  4.69000000e+00  1.04765538e-06  4.69000000e+00  1.03176838e-06 
 4.69500000e+00  1.06131502e-06  4.69500000e+00  1.04804082e-06  4.69500000e+00  1.03212581e-06 
 4.70000000e+00  1.06170481e-06  4.70000000e+00  1.04842961e-06  4.70000000e+00  1.03248673e-06 
 4.70500000e+00  1.06209792e-06  4.70500000e+00  1.04882176e-06  4.70500000e+00  1.03285115e-06 
 4.71000000e+00  1.06249437e-06  4.71000000e+00  1.04921730e-06  4.71000000e+00  1.03321910e-06 
 4.71500000e+00  1.06289419e-06  4.71500000e+00  1.04961625e-06  4.71500000e+00  1.03359062e-06 
 4.72000000e+00  1.06329739e-06  4.72000000e+00  1.05001863e-06  4.72000000e+00  1.03396571e-06 
 4.72500000e+00  1.06370400e-06  4.72500000e+00  1.05042446e-06  4.72500000e+00  1.03434442e-06 
 4.73000000e+00  1.06411405e-06  4.73000000e+00  1.05083377e-06  4.73000000e+00  1.03472676e-06 
 4.73500000e+00  1.06452754e-06  4.73500000e+00  1.05124658e-06  4.73500000e+00  1.03511276e-06 
 4.74000000e+00  1.06494451e-06  4.74000000e+00  1.05166291e-06  4.74000000e+00  1.03550246e-06 
 4.74500000e+00  1.06536498e-06  4.74500000e+00  1.05208278e-06  4.74500000e+00  1.03589587e-06 
 4.75000000e+00  1.06578897e-06  4.75000000e+00  1.05250621e-06  4.75000000e+00  1.03629302e-06 
 4.75500000e+00  1.06621650e-06  4.75500000e+00  1.05293323e-06  4.75500000e+00  1.03669395e-06 
 4.76000000e+00  1.06664759e-06  4.76000000e+00  1.05336386e-06  4.76000000e+00  1.03709867e-06 
 4.76500000e+00  1.06708227e-06  4.76500000e+00  1.05379812e-06  4.76500000e+00  1.03750722e-06 
 4.77000000e+00  1.06752056e-06  4.77000000e+00  1.05423604e-06  4.77000000e+00  1.03791962e-06 
 4.77500000e+00  1.06796249e-06  4.77500000e+00  1.05467763e-06  4.77500000e+00  1.03833590e-06 
 4.78000000e+00  1.06840807e-06  4.78000000e+00  1.05512292e-06  4.78000000e+00  1.03875610e-06 
 4.78500000e+00  1.06885732e-06  4.78500000e+00  1.05557193e-06  4.78500000e+00  1.03918022e-06 
 4.79000000e+00  1.06931028e-06  4.79000000e+00  1.05602469e-06  4.79000000e+00  1.03960831e-06 
 4.79500000e+00  1.06976697e-06  4.79500000e+00  1.05648121e-06  4.79500000e+00  1.04004040e-06 
 4.80000000e+00  1.07022740e-06  4.80000000e+00  1.05694152e-06  4.80000000e+00  1.04047650e-06 
 4.80500000e+00  1.07069160e-06  4.80500000e+00  1.05740565e-06  4.80500000e+00  1.04091666e-06 
 4.81000000e+00  1.07115960e-06  4.81000000e+00  1.05787362e-06  4.81000000e+00  1.04136089e-06 
 4.81500000e+00  1.07163141e-06  4.81500000e+00  1.05834544e-06  4.81500000e+00  1.04180923e-06 
 4.82000000e+00  1.07210707e-06  4.82000000e+00  1.05882114e-06  4.82000000e+00  1.04226170e-06 
 4.82500000e+00  1.07258659e-06  4.82500000e+00  1.05930076e-06  4.82500000e+00  1.04271833e-06 
 4.83000000e+00  1.07306999e-06  4.83000000e+00  1.05978430e-06  4.83000000e+00  1.04317916e-06 
 4.83500000e+00  1.07355731e-06  4.83500000e+00  1.06027179e-06  4.83500000e+00  1.04364422e-06 
 4.84000000e+00  1.07404857e-06  4.84000000e+00  1.06076327e-06  4.84000000e+00  1.04411352e-06 
 4.84500000e+00  1.07454378e-06  4.84500000e+00  1.06125874e-06  4.84500000e+00  1.04458710e-06 
 4.85000000e+00  1.07504298e-06  4.85000000e+00  1.06175823e-06  4.85000000e+00  1.04506500e-06 
 4.85500000e+00  1.07554618e-06  4.85500000e+00  1.06226178e-06  4.85500000e+00  1.04554724e-06 
 4.86000000e+00  1.07605342e-06  4.86000000e+00  1.06276939e-06  4.86000000e+00  1.04603384e-06 
 4.86500000e+00  1.07656471e-06  4.86500000e+00  1.06328110e-06  4.86500000e+00  1.04652485e-06 
 4.87000000e+00  1.07708008e-06  4.87000000e+00  1.06379693e-06  4.87000000e+00  1.04702029e-06 
 4.87500000e+00  1.07759956e-06  4.87500000e+00  1.06431691e-06  4.87500000e+00  1.04752018e-06 
 4.88000000e+00  1.07812316e-06  4.88000000e+00  1.06484105e-06  4.88000000e+00  1.04802457e-06 
 4.88500000e+00  1.07865091e-06  4.88500000e+00  1.06536938e-06  4.88500000e+00  1.04853348e-06 
 4.89000000e+00  1.07918284e-06  4.89000000e+00  1.06590193e-06  4.89000000e+00  1.04904695e-06 
 4.89500000e+00  1.07971898e-06  4.89500000e+00  1.06643872e-06  4.89500000e+00  1.04956499e-06 
 4.90000000e+00  1.08025934e-06  4.90000000e+00  1.06697977e-06  4.90000000e+00  1.05008765e-06 
 4.90500000e+00  1.08080395e-06  4.90500000e+00  1.06752511e-06  4.90500000e+00  1.05061496e-06 
 4.91000000e+00  1.08135283e-06  4.91000000e+00  1.06807477e-06  4.91000000e+00  1.05114694e-06 
 4.91500000e+00  1.08190602e-06  4.91500000e+00  1.06862877e-06  4.91500000e+00  1.05168363e-06 
 4.92000000e+00  1.08246353e-06  4.92000000e+00  1.06918712e-06  4.92000000e+00  1.05222506e-06 
 4.92500000e+00  1.08302539e-06  4.92500000e+00  1.06974987e-06  4.92500000e+00  1.05277126e-06 
 4.93000000e+00  1.08359163e-06  4.93000000e+00  1.07031703e-06  4.93000000e+00  1.05332226e-06 
 4.93500000e+00  1.08416227e-06  4.93500000e+00  1.07088862e-06  4.93500000e+00  1.05387810e-06 
 4.94000000e+00  1.08473733e-06  4.94000000e+00  1.07146468e-06  4.94000000e+00  1.05443880e-06 
 4.94500000e+00  1.08531685e-06  4.94500000e+00  1.07204522e-06  4.94500000e+00  1.05500440e-06 
 4.95000000e+00  1.08590084e-06  4.95000000e+00  1.07263028e-06  4.95000000e+00  1.05557494e-06 
 4.95500000e+00  1.08648933e-06  4.95500000e+00  1.07321988e-06  4.95500000e+00  1.05615044e-06 
 4.96000000e+00  1.08708235e-06  4.96000000e+00  1.07381403e-06  4.96000000e+00  1.05673093e-06 
 4.96500000e+00  1.08767992e-06  4.96500000e+00  1.07441278e-06  4.96500000e+00  1.05731645e-06 
 4.97000000e+00  1.08828207e-06  4.97000000e+00  1.07501614e-06  4.97000000e+00  1.05790704e-06 
 4.97500000e+00  1.08888882e-06  4.97500000e+00  1.07562414e-06  4.97500000e+00  1.05850272e-06 
 4.98000000e+00  1.08950021e-06  4.98000000e+00  1.07623680e-06  4.98000000e+00  1.05910353e-06 
 4.98500000e+00  1.09011625e-06  4.98500000e+00  1.07685415e-06  4.98500000e+00  1.05970950e-06 
 4.99000000e+00  1.09073697e-06  4.99000000e+00  1.07747622e-06  4.99000000e+00  1.06032066e-06 
 4.99500000e+00  1.09136240e-06  4.99500000e+00  1.07810303e-06  4.99500000e+00  1.06093706e-06 
 5.00000000e+00  1.09199256e-06  5.00000000e+00  1.07873461e-06  5.00000000e+00  1.06155871e-06 
